FINAL RESULT FOR CORRELATION
              [,1]        [,2]        [,3]       [,4]        [,5]       [,6]        [,7]       [,8]
 [1,]  1.000000000 -0.01000306 0.002940147 0.03274138 0.003206080 0.03215230 0.003560285 0.03159392
 [2,] -0.010003063  1.00000000 0.112377514 0.63232067 0.122541905 0.62094403 0.136080262 0.61016014
 [3,]  0.002940147  0.11237751 1.000000000 0.01380999 0.003451583 0.03461434 0.003832912 0.03401320
 [4,]  0.032741381  0.63232067 0.013809992 1.00000000 0.120254839 0.60935501 0.133540523 0.59877239
 [5,]  0.003206080  0.12254190 0.003451583 0.12025484 1.000000000 0.04089287 0.004179594 0.03708965
 [6,]  0.032152302  0.62094403 0.034614345 0.60935501 0.040892873 1.00000000 0.131137876 0.58799934
 [7,]  0.003560285  0.13608026 0.003832912 0.13354052 0.004179594 0.13113788 1.000000000 0.07310737
 [8,]  0.031593915  0.61016014 0.034013200 0.59877239 0.037089647 0.58799934 0.073107366 1.00000000
 [9,]  0.004065685  0.15539750 0.004377012 0.15249724 0.004772907 0.14975352 0.005300215 0.14715277
[10,]  0.031063646  0.59991927 0.033442326 0.58872266 0.036467138 0.57813042 0.040496006 0.56809007
[11,]  0.004873579  0.18627662 0.005246771 0.18280004 0.005721334 0.17951112 0.006353423 0.17639357
[12,]  0.030559211  0.59017732 0.032899264 0.57916252 0.035874957 0.56874229 0.039838401 0.55886499
[13,]  0.006494683  0.24823799 0.006992009 0.24360499 0.007624427 0.23922208 0.008466769 0.23506753
[14,]  0.030078578  0.58089505 0.032381826 0.57005350 0.035310718 0.55979715 0.039211825 0.55007520
[15,]  0.013719620  0.52438758 0.014770191 0.51460065 0.016106135 0.50534201 0.017885531 0.49656577
[16,]  0.029619932  0.57203742 0.031888060 0.56136118 0.034772291 0.55126122 0.038613913 0.54168751
             [,9]      [,10]       [,11]      [,12]       [,13]      [,14]      [,15]      [,16]
 [1,] 0.004065685 0.03106365 0.004873579 0.03055921 0.006494683 0.03007858 0.01371962 0.02961993
 [2,] 0.155397504 0.59991927 0.186276621 0.59017732 0.248237990 0.58089505 0.52438758 0.57203742
 [3,] 0.004377012 0.03344233 0.005246771 0.03289926 0.006992009 0.03238183 0.01477019 0.03188806
 [4,] 0.152497237 0.58872266 0.182800041 0.57916252 0.243604991 0.57005350 0.51460065 0.56136118
 [5,] 0.004772907 0.03646714 0.005721334 0.03587496 0.007624427 0.03531072 0.01610613 0.03477229
 [6,] 0.149753522 0.57813042 0.179511121 0.56874229 0.239222075 0.55979715 0.50534201 0.55126122
 [7,] 0.005300215 0.04049601 0.006353423 0.03983840 0.008466769 0.03921183 0.01788553 0.03861391
 [8,] 0.147152765 0.56809007 0.176393566 0.55886499 0.235067525 0.55007520 0.49656577 0.54168751
 [9,] 1.000000000 0.11406708 0.007255322 0.04549365 0.009668667 0.04477813 0.02042447 0.04409534
[10,] 0.114067075 1.00000000 0.173432993 0.54948505 0.231122174 0.54084279 0.48823146 0.53259588
[11,] 0.007255322 0.17343299 1.000000000 0.17222879 0.011589933 0.05367602 0.02448302 0.05285755
[12,] 0.045493651 0.54948505 0.172228788 1.00000000 0.227369034 0.53206017 0.48030318 0.52394718
[13,] 0.009668667 0.23112217 0.011589933 0.22736903 1.000000000 0.27537827 0.03262684 0.07043961
[14,] 0.044778130 0.54084279 0.053676016 0.53206017 0.275378272 1.00000000 0.47274901 0.51570658
[15,] 0.020424467 0.48823146 0.024483024 0.48030318 0.032626835 0.47274901 1.00000000 0.67575986
[16,] 0.044095342 0.53259588 0.052857550 0.52394718 0.070439607 0.51570658 0.67575986 1.00000000
FINAL RESULT FOR CORRELATION
              [,1]        [,2]        [,3]       [,4]        [,5]       [,6]        [,7]       [,8]        [,9]
 [1,]  1.000000000 -0.01000306 0.002940147 0.03274138 0.003206080 0.03215230 0.003560285 0.03159392 0.004065685
 [2,] -0.010003063  1.00000000 0.112377514 0.63232067 0.122541905 0.62094403 0.136080262 0.61016014 0.155397504
 [3,]  0.002940147  0.11237751 1.000000000 0.01380999 0.003451583 0.03461434 0.003832912 0.03401320 0.004377012
 [4,]  0.032741381  0.63232067 0.013809992 1.00000000 0.120254839 0.60935501 0.133540523 0.59877239 0.152497237
 [5,]  0.003206080  0.12254190 0.003451583 0.12025484 1.000000000 0.04089287 0.004179594 0.03708965 0.004772907
 [6,]  0.032152302  0.62094403 0.034614345 0.60935501 0.040892873 1.00000000 0.131137876 0.58799934 0.149753522
 [7,]  0.003560285  0.13608026 0.003832912 0.13354052 0.004179594 0.13113788 1.000000000 0.07310737 0.005300215
 [8,]  0.031593915  0.61016014 0.034013200 0.59877239 0.037089647 0.58799934 0.073107366 1.00000000 0.147152765
 [9,]  0.004065685  0.15539750 0.004377012 0.15249724 0.004772907 0.14975352 0.005300215 0.14715277 1.000000000
[10,]  0.031063646  0.59991927 0.033442326 0.58872266 0.036467138 0.57813042 0.040496006 0.56809007 0.114067075
[11,]  0.004873579  0.18627662 0.005246771 0.18280004 0.005721334 0.17951112 0.006353423 0.17639357 0.007255322
[12,]  0.030559211  0.59017732 0.032899264 0.57916252 0.035874957 0.56874229 0.039838401 0.55886499 0.045493651
[13,]  0.006494683  0.24823799 0.006992009 0.24360499 0.007624427 0.23922208 0.008466769 0.23506753 0.009668667
[14,]  0.030078578  0.58089505 0.032381826 0.57005350 0.035310718 0.55979715 0.039211825 0.55007520 0.044778130
[15,]  0.013719620  0.52438758 0.014770191 0.51460065 0.016106135 0.50534201 0.017885531 0.49656577 0.020424467
[16,]  0.029619932  0.57203742 0.031888060 0.56136118 0.034772291 0.55126122 0.038613913 0.54168751 0.044095342
           [,10]       [,11]      [,12]       [,13]      [,14]      [,15]      [,16]
 [1,] 0.03106365 0.004873579 0.03055921 0.006494683 0.03007858 0.01371962 0.02961993
 [2,] 0.59991927 0.186276621 0.59017732 0.248237990 0.58089505 0.52438758 0.57203742
 [3,] 0.03344233 0.005246771 0.03289926 0.006992009 0.03238183 0.01477019 0.03188806
 [4,] 0.58872266 0.182800041 0.57916252 0.243604991 0.57005350 0.51460065 0.56136118
 [5,] 0.03646714 0.005721334 0.03587496 0.007624427 0.03531072 0.01610613 0.03477229
 [6,] 0.57813042 0.179511121 0.56874229 0.239222075 0.55979715 0.50534201 0.55126122
 [7,] 0.04049601 0.006353423 0.03983840 0.008466769 0.03921183 0.01788553 0.03861391
 [8,] 0.56809007 0.176393566 0.55886499 0.235067525 0.55007520 0.49656577 0.54168751
 [9,] 0.11406708 0.007255322 0.04549365 0.009668667 0.04477813 0.02042447 0.04409534
[10,] 1.00000000 0.173432993 0.54948505 0.231122174 0.54084279 0.48823146 0.53259588
[11,] 0.17343299 1.000000000 0.17222879 0.011589933 0.05367602 0.02448302 0.05285755
[12,] 0.54948505 0.172228788 1.00000000 0.227369034 0.53206017 0.48030318 0.52394718
[13,] 0.23112217 0.011589933 0.22736903 1.000000000 0.27537827 0.03262684 0.07043961
[14,] 0.54084279 0.053676016 0.53206017 0.275378272 1.00000000 0.47274901 0.51570658
[15,] 0.48823146 0.024483024 0.48030318 0.032626835 0.47274901 1.00000000 0.67575986
[16,] 0.53259588 0.052857550 0.52394718 0.070439607 0.51570658 0.67575986 1.00000000
Assets: 1
Assets: 2
Assets: 3
Assets: 17
$mu
      par1       par2       par3       par4 
1.39823712 0.02165150 0.15587642 0.05485116 

$sigma
[1] 0.15721490 0.04163337 0.03129512 0.04689608

$corr
            [,1]        [,2]       [,3]       [,4]
[1,]  1.00000000 -0.01000306 0.01371962 0.02961993
[2,] -0.01000306  1.00000000 0.52438758 0.57203742
[3,]  0.01371962  0.52438758 1.00000000 0.67575986
[4,]  0.02961993  0.57203742 0.67575986 1.00000000

$theta
      par15       par16       par17       par18 
-0.25410416 -0.03420068 -0.03237574 -0.03801735 

$delta
     par19      par20      par21      par22 
0.31734785 0.03520109 0.03541248 0.04275896 

$lambda
    par23     par24     par25     par26 
20.599555  2.192452  6.888625  2.126799 

$S
              [,1]          [,2]         [,3]         [,4]
[1,]  2.471652e-02 -0.0000654739 6.750135e-05 0.0002183807
[2,] -6.547390e-05  0.0017333371 6.832358e-04 0.0011168696
[3,]  6.750135e-05  0.0006832358 9.793848e-04 0.0009917577
[4,]  2.183807e-04  0.0011168696 9.917577e-04 0.0021992422

$message
[1] "relative convergence (4)"

$objective_function
[1] -24632.68

$total_time
Time difference of 2.13741 mins

FINAL RESULT FOR CORRELATION
              [,1]        [,2]        [,3]       [,4]        [,5]       [,6]        [,7]       [,8]        [,9]
 [1,]  1.000000000 -0.01000306 0.002940147 0.03274138 0.003206080 0.03215230 0.003560285 0.03159392 0.004065685
 [2,] -0.010003063  1.00000000 0.112377514 0.63232067 0.122541905 0.62094403 0.136080262 0.61016014 0.155397504
 [3,]  0.002940147  0.11237751 1.000000000 0.01380999 0.003451583 0.03461434 0.003832912 0.03401320 0.004377012
 [4,]  0.032741381  0.63232067 0.013809992 1.00000000 0.120254839 0.60935501 0.133540523 0.59877239 0.152497237
 [5,]  0.003206080  0.12254190 0.003451583 0.12025484 1.000000000 0.04089287 0.004179594 0.03708965 0.004772907
 [6,]  0.032152302  0.62094403 0.034614345 0.60935501 0.040892873 1.00000000 0.131137876 0.58799934 0.149753522
 [7,]  0.003560285  0.13608026 0.003832912 0.13354052 0.004179594 0.13113788 1.000000000 0.07310737 0.005300215
 [8,]  0.031593915  0.61016014 0.034013200 0.59877239 0.037089647 0.58799934 0.073107366 1.00000000 0.147152765
 [9,]  0.004065685  0.15539750 0.004377012 0.15249724 0.004772907 0.14975352 0.005300215 0.14715277 1.000000000
[10,]  0.031063646  0.59991927 0.033442326 0.58872266 0.036467138 0.57813042 0.040496006 0.56809007 0.114067075
[11,]  0.004873579  0.18627662 0.005246771 0.18280004 0.005721334 0.17951112 0.006353423 0.17639357 0.007255322
[12,]  0.030559211  0.59017732 0.032899264 0.57916252 0.035874957 0.56874229 0.039838401 0.55886499 0.045493651
[13,]  0.006494683  0.24823799 0.006992009 0.24360499 0.007624427 0.23922208 0.008466769 0.23506753 0.009668667
[14,]  0.030078578  0.58089505 0.032381826 0.57005350 0.035310718 0.55979715 0.039211825 0.55007520 0.044778130
[15,]  0.013719620  0.52438758 0.014770191 0.51460065 0.016106135 0.50534201 0.017885531 0.49656577 0.020424467
[16,]  0.029619932  0.57203742 0.031888060 0.56136118 0.034772291 0.55126122 0.038613913 0.54168751 0.044095342
           [,10]       [,11]      [,12]       [,13]      [,14]      [,15]      [,16]
 [1,] 0.03106365 0.004873579 0.03055921 0.006494683 0.03007858 0.01371962 0.02961993
 [2,] 0.59991927 0.186276621 0.59017732 0.248237990 0.58089505 0.52438758 0.57203742
 [3,] 0.03344233 0.005246771 0.03289926 0.006992009 0.03238183 0.01477019 0.03188806
 [4,] 0.58872266 0.182800041 0.57916252 0.243604991 0.57005350 0.51460065 0.56136118
 [5,] 0.03646714 0.005721334 0.03587496 0.007624427 0.03531072 0.01610613 0.03477229
 [6,] 0.57813042 0.179511121 0.56874229 0.239222075 0.55979715 0.50534201 0.55126122
 [7,] 0.04049601 0.006353423 0.03983840 0.008466769 0.03921183 0.01788553 0.03861391
 [8,] 0.56809007 0.176393566 0.55886499 0.235067525 0.55007520 0.49656577 0.54168751
 [9,] 0.11406708 0.007255322 0.04549365 0.009668667 0.04477813 0.02042447 0.04409534
[10,] 1.00000000 0.173432993 0.54948505 0.231122174 0.54084279 0.48823146 0.53259588
[11,] 0.17343299 1.000000000 0.17222879 0.011589933 0.05367602 0.02448302 0.05285755
[12,] 0.54948505 0.172228788 1.00000000 0.227369034 0.53206017 0.48030318 0.52394718
[13,] 0.23112217 0.011589933 0.22736903 1.000000000 0.27537827 0.03262684 0.07043961
[14,] 0.54084279 0.053676016 0.53206017 0.275378272 1.00000000 0.47274901 0.51570658
[15,] 0.48823146 0.024483024 0.48030318 0.032626835 0.47274901 1.00000000 0.67575986
[16,] 0.53259588 0.052857550 0.52394718 0.070439607 0.51570658 0.67575986 1.00000000
Assets: 1
Assets: 2
Assets: 3
Assets: 17
$mu
      par1       par2       par3       par4 
1.39823712 0.02165150 0.15587642 0.05485116 

$sigma
[1] 0.15721490 0.04163337 0.03129512 0.04689608

$corr
            [,1]        [,2]       [,3]       [,4]
[1,]  1.00000000 -0.01000306 0.01371962 0.02961993
[2,] -0.01000306  1.00000000 0.52438758 0.57203742
[3,]  0.01371962  0.52438758 1.00000000 0.67575986
[4,]  0.02961993  0.57203742 0.67575986 1.00000000

$theta
      par15       par16       par17       par18 
-0.25410416 -0.03420068 -0.03237574 -0.03801735 

$delta
     par19      par20      par21      par22 
0.31734785 0.03520109 0.03541248 0.04275896 

$lambda
    par23     par24     par25     par26 
20.599555  2.192452  6.888625  2.126799 

$S
              [,1]          [,2]         [,3]         [,4]
[1,]  2.471652e-02 -0.0000654739 6.750135e-05 0.0002183807
[2,] -6.547390e-05  0.0017333371 6.832358e-04 0.0011168696
[3,]  6.750135e-05  0.0006832358 9.793848e-04 0.0009917577
[4,]  2.183807e-04  0.0011168696 9.917577e-04 0.0021992422

$message
[1] "relative convergence (4)"

$objective_function
[1] -24632.68

$total_time
Time difference of 2.13741 mins

Assets: 4
Assets: 5
Assets: 6
Assets: 17
$mu
      par1       par2       par3       par4 
1.39823712 0.02165150 0.15587642 0.05485116 

$sigma
[1] 0.15721490 0.04163337 0.03129512 0.04689608

$corr
            [,1]        [,2]       [,3]       [,4]
[1,]  1.00000000 -0.01000306 0.01371962 0.02961993
[2,] -0.01000306  1.00000000 0.52438758 0.57203742
[3,]  0.01371962  0.52438758 1.00000000 0.67575986
[4,]  0.02961993  0.57203742 0.67575986 1.00000000

$theta
      par15       par16       par17       par18 
-0.25410416 -0.03420068 -0.03237574 -0.03801735 

$delta
     par19      par20      par21      par22 
0.31734785 0.03520109 0.03541248 0.04275896 

$lambda
    par23     par24     par25     par26 
20.599555  2.192452  6.888625  2.126799 

$S
              [,1]          [,2]         [,3]         [,4]
[1,]  2.471652e-02 -0.0000654739 6.750135e-05 0.0002183807
[2,] -6.547390e-05  0.0017333371 6.832358e-04 0.0011168696
[3,]  6.750135e-05  0.0006832358 9.793848e-04 0.0009917577
[4,]  2.183807e-04  0.0011168696 9.917577e-04 0.0021992422

$message
[1] "relative convergence (4)"

$objective_function
[1] -24632.68

$total_time
Time difference of 2.13741 mins

Assets: 7
Assets: 8
Assets: 9
Assets: 17
$mu
      par1       par2       par3       par4 
1.39823712 0.02165150 0.15587642 0.05485116 

$sigma
[1] 0.15721490 0.04163337 0.03129512 0.04689608

$corr
            [,1]        [,2]       [,3]       [,4]
[1,]  1.00000000 -0.01000306 0.01371962 0.02961993
[2,] -0.01000306  1.00000000 0.52438758 0.57203742
[3,]  0.01371962  0.52438758 1.00000000 0.67575986
[4,]  0.02961993  0.57203742 0.67575986 1.00000000

$theta
      par15       par16       par17       par18 
-0.25410416 -0.03420068 -0.03237574 -0.03801735 

$delta
     par19      par20      par21      par22 
0.31734785 0.03520109 0.03541248 0.04275896 

$lambda
    par23     par24     par25     par26 
20.599555  2.192452  6.888625  2.126799 

$S
              [,1]          [,2]         [,3]         [,4]
[1,]  2.471652e-02 -0.0000654739 6.750135e-05 0.0002183807
[2,] -6.547390e-05  0.0017333371 6.832358e-04 0.0011168696
[3,]  6.750135e-05  0.0006832358 9.793848e-04 0.0009917577
[4,]  2.183807e-04  0.0011168696 9.917577e-04 0.0021992422

$message
[1] "relative convergence (4)"

$objective_function
[1] -24632.68

$total_time
Time difference of 2.13741 mins

Assets: 10
Assets: 11
Assets: 12
Assets: 17
$mu
      par1       par2       par3       par4 
1.39823712 0.02165150 0.15587642 0.05485116 

$sigma
[1] 0.15721490 0.04163337 0.03129512 0.04689608

$corr
            [,1]        [,2]       [,3]       [,4]
[1,]  1.00000000 -0.01000306 0.01371962 0.02961993
[2,] -0.01000306  1.00000000 0.52438758 0.57203742
[3,]  0.01371962  0.52438758 1.00000000 0.67575986
[4,]  0.02961993  0.57203742 0.67575986 1.00000000

$theta
      par15       par16       par17       par18 
-0.25410416 -0.03420068 -0.03237574 -0.03801735 

$delta
     par19      par20      par21      par22 
0.31734785 0.03520109 0.03541248 0.04275896 

$lambda
    par23     par24     par25     par26 
20.599555  2.192452  6.888625  2.126799 

$S
              [,1]          [,2]         [,3]         [,4]
[1,]  2.471652e-02 -0.0000654739 6.750135e-05 0.0002183807
[2,] -6.547390e-05  0.0017333371 6.832358e-04 0.0011168696
[3,]  6.750135e-05  0.0006832358 9.793848e-04 0.0009917577
[4,]  2.183807e-04  0.0011168696 9.917577e-04 0.0021992422

$message
[1] "relative convergence (4)"

$objective_function
[1] -24632.68

$total_time
Time difference of 2.13741 mins

Assets: 13
Assets: 14
Assets: 15
Assets: 17
$mu
      par1       par2       par3       par4 
1.39823712 0.02165150 0.15587642 0.05485116 

$sigma
[1] 0.15721490 0.04163337 0.03129512 0.04689608

$corr
            [,1]        [,2]       [,3]       [,4]
[1,]  1.00000000 -0.01000306 0.01371962 0.02961993
[2,] -0.01000306  1.00000000 0.52438758 0.57203742
[3,]  0.01371962  0.52438758 1.00000000 0.67575986
[4,]  0.02961993  0.57203742 0.67575986 1.00000000

$theta
      par15       par16       par17       par18 
-0.25410416 -0.03420068 -0.03237574 -0.03801735 

$delta
     par19      par20      par21      par22 
0.31734785 0.03520109 0.03541248 0.04275896 

$lambda
    par23     par24     par25     par26 
20.599555  2.192452  6.888625  2.126799 

$S
              [,1]          [,2]         [,3]         [,4]
[1,]  2.471652e-02 -0.0000654739 6.750135e-05 0.0002183807
[2,] -6.547390e-05  0.0017333371 6.832358e-04 0.0011168696
[3,]  6.750135e-05  0.0006832358 9.793848e-04 0.0009917577
[4,]  2.183807e-04  0.0011168696 9.917577e-04 0.0021992422

$message
[1] "relative convergence (4)"

$objective_function
[1] -24632.68

$total_time
Time difference of 2.13741 mins

Assets: 14
Assets: 15
Assets: 16
Assets: 17
$mu
      par1       par2       par3       par4 
1.39823712 0.02165150 0.15587642 0.05485116 

$sigma
[1] 0.15721490 0.04163337 0.03129512 0.04689608

$corr
            [,1]        [,2]       [,3]       [,4]
[1,]  1.00000000 -0.01000306 0.01371962 0.02961993
[2,] -0.01000306  1.00000000 0.52438758 0.57203742
[3,]  0.01371962  0.52438758 1.00000000 0.67575986
[4,]  0.02961993  0.57203742 0.67575986 1.00000000

$theta
      par15       par16       par17       par18 
-0.25410416 -0.03420068 -0.03237574 -0.03801735 

$delta
     par19      par20      par21      par22 
0.31734785 0.03520109 0.03541248 0.04275896 

$lambda
    par23     par24     par25     par26 
20.599555  2.192452  6.888625  2.126799 

$S
              [,1]          [,2]         [,3]         [,4]
[1,]  2.471652e-02 -0.0000654739 6.750135e-05 0.0002183807
[2,] -6.547390e-05  0.0017333371 6.832358e-04 0.0011168696
[3,]  6.750135e-05  0.0006832358 9.793848e-04 0.0009917577
[4,]  2.183807e-04  0.0011168696 9.917577e-04 0.0021992422

$message
[1] "relative convergence (4)"

$objective_function
[1] -24632.68

$total_time
Time difference of 2.13741 mins

FINAL RESULT FOR CORRELATION
              [,1]        [,2]        [,3]       [,4]        [,5]       [,6]        [,7]       [,8]        [,9]
 [1,]  1.000000000 -0.01000306 0.002940147 0.03274138 0.003206080 0.03215230 0.003560285 0.03159392 0.004065685
 [2,] -0.010003063  1.00000000 0.112377514 0.63232067 0.122541905 0.62094403 0.136080262 0.61016014 0.155397504
 [3,]  0.002940147  0.11237751 1.000000000 0.01380999 0.003451583 0.03461434 0.003832912 0.03401320 0.004377012
 [4,]  0.032741381  0.63232067 0.013809992 1.00000000 0.120254839 0.60935501 0.133540523 0.59877239 0.152497237
 [5,]  0.003206080  0.12254190 0.003451583 0.12025484 1.000000000 0.04089287 0.004179594 0.03708965 0.004772907
 [6,]  0.032152302  0.62094403 0.034614345 0.60935501 0.040892873 1.00000000 0.131137876 0.58799934 0.149753522
 [7,]  0.003560285  0.13608026 0.003832912 0.13354052 0.004179594 0.13113788 1.000000000 0.07310737 0.005300215
 [8,]  0.031593915  0.61016014 0.034013200 0.59877239 0.037089647 0.58799934 0.073107366 1.00000000 0.147152765
 [9,]  0.004065685  0.15539750 0.004377012 0.15249724 0.004772907 0.14975352 0.005300215 0.14715277 1.000000000
[10,]  0.031063646  0.59991927 0.033442326 0.58872266 0.036467138 0.57813042 0.040496006 0.56809007 0.114067075
[11,]  0.004873579  0.18627662 0.005246771 0.18280004 0.005721334 0.17951112 0.006353423 0.17639357 0.007255322
[12,]  0.030559211  0.59017732 0.032899264 0.57916252 0.035874957 0.56874229 0.039838401 0.55886499 0.045493651
[13,]  0.006494683  0.24823799 0.006992009 0.24360499 0.007624427 0.23922208 0.008466769 0.23506753 0.009668667
[14,]  0.030078578  0.58089505 0.032381826 0.57005350 0.035310718 0.55979715 0.039211825 0.55007520 0.044778130
[15,]  0.013719620  0.52438758 0.014770191 0.51460065 0.016106135 0.50534201 0.017885531 0.49656577 0.020424467
[16,]  0.029619932  0.57203742 0.031888060 0.56136118 0.034772291 0.55126122 0.038613913 0.54168751 0.044095342
           [,10]       [,11]      [,12]       [,13]      [,14]      [,15]      [,16]
 [1,] 0.03106365 0.004873579 0.03055921 0.006494683 0.03007858 0.01371962 0.02961993
 [2,] 0.59991927 0.186276621 0.59017732 0.248237990 0.58089505 0.52438758 0.57203742
 [3,] 0.03344233 0.005246771 0.03289926 0.006992009 0.03238183 0.01477019 0.03188806
 [4,] 0.58872266 0.182800041 0.57916252 0.243604991 0.57005350 0.51460065 0.56136118
 [5,] 0.03646714 0.005721334 0.03587496 0.007624427 0.03531072 0.01610613 0.03477229
 [6,] 0.57813042 0.179511121 0.56874229 0.239222075 0.55979715 0.50534201 0.55126122
 [7,] 0.04049601 0.006353423 0.03983840 0.008466769 0.03921183 0.01788553 0.03861391
 [8,] 0.56809007 0.176393566 0.55886499 0.235067525 0.55007520 0.49656577 0.54168751
 [9,] 0.11406708 0.007255322 0.04549365 0.009668667 0.04477813 0.02042447 0.04409534
[10,] 1.00000000 0.173432993 0.54948505 0.231122174 0.54084279 0.48823146 0.53259588
[11,] 0.17343299 1.000000000 0.17222879 0.011589933 0.05367602 0.02448302 0.05285755
[12,] 0.54948505 0.172228788 1.00000000 0.227369034 0.53206017 0.48030318 0.52394718
[13,] 0.23112217 0.011589933 0.22736903 1.000000000 0.27537827 0.03262684 0.07043961
[14,] 0.54084279 0.053676016 0.53206017 0.275378272 1.00000000 0.47274901 0.51570658
[15,] 0.48823146 0.024483024 0.48030318 0.032626835 0.47274901 1.00000000 0.67575986
[16,] 0.53259588 0.052857550 0.52394718 0.070439607 0.51570658 0.67575986 1.00000000
Assets: 1
Assets: 2
Assets: 3
Assets: 4
$mu
      par1       par2       par3       par4 
1.39823712 0.02165150 0.15587642 0.05485116 

$sigma
[1] 0.15721490 0.04163337 0.03129512 0.04689608

$corr
            [,1]        [,2]       [,3]       [,4]
[1,]  1.00000000 -0.01000306 0.01371962 0.02961993
[2,] -0.01000306  1.00000000 0.52438758 0.57203742
[3,]  0.01371962  0.52438758 1.00000000 0.67575986
[4,]  0.02961993  0.57203742 0.67575986 1.00000000

$theta
      par15       par16       par17       par18 
-0.25410416 -0.03420068 -0.03237574 -0.03801735 

$delta
     par19      par20      par21      par22 
0.31734785 0.03520109 0.03541248 0.04275896 

$lambda
    par23     par24     par25     par26 
20.599555  2.192452  6.888625  2.126799 

$S
              [,1]          [,2]         [,3]         [,4]
[1,]  2.471652e-02 -0.0000654739 6.750135e-05 0.0002183807
[2,] -6.547390e-05  0.0017333371 6.832358e-04 0.0011168696
[3,]  6.750135e-05  0.0006832358 9.793848e-04 0.0009917577
[4,]  2.183807e-04  0.0011168696 9.917577e-04 0.0021992422

$message
[1] "relative convergence (4)"

$objective_function
[1] -24632.68

$total_time
Time difference of 2.13741 mins

Assets: 1
Assets: 2
Assets: 5
Assets: 6
$mu
      par1       par2       par3       par4 
1.39823712 0.02165150 0.15587642 0.05485116 

$sigma
[1] 0.15721490 0.04163337 0.03129512 0.04689608

$corr
            [,1]        [,2]       [,3]       [,4]
[1,]  1.00000000 -0.01000306 0.01371962 0.02961993
[2,] -0.01000306  1.00000000 0.52438758 0.57203742
[3,]  0.01371962  0.52438758 1.00000000 0.67575986
[4,]  0.02961993  0.57203742 0.67575986 1.00000000

$theta
      par15       par16       par17       par18 
-0.25410416 -0.03420068 -0.03237574 -0.03801735 

$delta
     par19      par20      par21      par22 
0.31734785 0.03520109 0.03541248 0.04275896 

$lambda
    par23     par24     par25     par26 
20.599555  2.192452  6.888625  2.126799 

$S
              [,1]          [,2]         [,3]         [,4]
[1,]  2.471652e-02 -0.0000654739 6.750135e-05 0.0002183807
[2,] -6.547390e-05  0.0017333371 6.832358e-04 0.0011168696
[3,]  6.750135e-05  0.0006832358 9.793848e-04 0.0009917577
[4,]  2.183807e-04  0.0011168696 9.917577e-04 0.0021992422

$message
[1] "relative convergence (4)"

$objective_function
[1] -24632.68

$total_time
Time difference of 2.13741 mins

Assets: 1
Assets: 2
Assets: 7
Assets: 8
$mu
      par1       par2       par3       par4 
1.39823712 0.02165150 0.15587642 0.05485116 

$sigma
[1] 0.15721490 0.04163337 0.03129512 0.04689608

$corr
            [,1]        [,2]       [,3]       [,4]
[1,]  1.00000000 -0.01000306 0.01371962 0.02961993
[2,] -0.01000306  1.00000000 0.52438758 0.57203742
[3,]  0.01371962  0.52438758 1.00000000 0.67575986
[4,]  0.02961993  0.57203742 0.67575986 1.00000000

$theta
      par15       par16       par17       par18 
-0.25410416 -0.03420068 -0.03237574 -0.03801735 

$delta
     par19      par20      par21      par22 
0.31734785 0.03520109 0.03541248 0.04275896 

$lambda
    par23     par24     par25     par26 
20.599555  2.192452  6.888625  2.126799 

$S
              [,1]          [,2]         [,3]         [,4]
[1,]  2.471652e-02 -0.0000654739 6.750135e-05 0.0002183807
[2,] -6.547390e-05  0.0017333371 6.832358e-04 0.0011168696
[3,]  6.750135e-05  0.0006832358 9.793848e-04 0.0009917577
[4,]  2.183807e-04  0.0011168696 9.917577e-04 0.0021992422

$message
[1] "relative convergence (4)"

$objective_function
[1] -24632.68

$total_time
Time difference of 2.13741 mins

Assets: 1
Assets: 2
Assets: 9
Assets: 10
$mu
      par1       par2       par3       par4 
1.39823712 0.02165150 0.15587642 0.05485116 

$sigma
[1] 0.15721490 0.04163337 0.03129512 0.04689608

$corr
            [,1]        [,2]       [,3]       [,4]
[1,]  1.00000000 -0.01000306 0.01371962 0.02961993
[2,] -0.01000306  1.00000000 0.52438758 0.57203742
[3,]  0.01371962  0.52438758 1.00000000 0.67575986
[4,]  0.02961993  0.57203742 0.67575986 1.00000000

$theta
      par15       par16       par17       par18 
-0.25410416 -0.03420068 -0.03237574 -0.03801735 

$delta
     par19      par20      par21      par22 
0.31734785 0.03520109 0.03541248 0.04275896 

$lambda
    par23     par24     par25     par26 
20.599555  2.192452  6.888625  2.126799 

$S
              [,1]          [,2]         [,3]         [,4]
[1,]  2.471652e-02 -0.0000654739 6.750135e-05 0.0002183807
[2,] -6.547390e-05  0.0017333371 6.832358e-04 0.0011168696
[3,]  6.750135e-05  0.0006832358 9.793848e-04 0.0009917577
[4,]  2.183807e-04  0.0011168696 9.917577e-04 0.0021992422

$message
[1] "relative convergence (4)"

$objective_function
[1] -24632.68

$total_time
Time difference of 2.13741 mins

Assets: 1
Assets: 2
Assets: 11
Assets: 12
$mu
      par1       par2       par3       par4 
1.39823712 0.02165150 0.15587642 0.05485116 

$sigma
[1] 0.15721490 0.04163337 0.03129512 0.04689608

$corr
            [,1]        [,2]       [,3]       [,4]
[1,]  1.00000000 -0.01000306 0.01371962 0.02961993
[2,] -0.01000306  1.00000000 0.52438758 0.57203742
[3,]  0.01371962  0.52438758 1.00000000 0.67575986
[4,]  0.02961993  0.57203742 0.67575986 1.00000000

$theta
      par15       par16       par17       par18 
-0.25410416 -0.03420068 -0.03237574 -0.03801735 

$delta
     par19      par20      par21      par22 
0.31734785 0.03520109 0.03541248 0.04275896 

$lambda
    par23     par24     par25     par26 
20.599555  2.192452  6.888625  2.126799 

$S
              [,1]          [,2]         [,3]         [,4]
[1,]  2.471652e-02 -0.0000654739 6.750135e-05 0.0002183807
[2,] -6.547390e-05  0.0017333371 6.832358e-04 0.0011168696
[3,]  6.750135e-05  0.0006832358 9.793848e-04 0.0009917577
[4,]  2.183807e-04  0.0011168696 9.917577e-04 0.0021992422

$message
[1] "relative convergence (4)"

$objective_function
[1] -24632.68

$total_time
Time difference of 2.13741 mins

Assets: 1
Assets: 2
Assets: 13
Assets: 14
$mu
      par1       par2       par3       par4 
1.39823712 0.02165150 0.15587642 0.05485116 

$sigma
[1] 0.15721490 0.04163337 0.03129512 0.04689608

$corr
            [,1]        [,2]       [,3]       [,4]
[1,]  1.00000000 -0.01000306 0.01371962 0.02961993
[2,] -0.01000306  1.00000000 0.52438758 0.57203742
[3,]  0.01371962  0.52438758 1.00000000 0.67575986
[4,]  0.02961993  0.57203742 0.67575986 1.00000000

$theta
      par15       par16       par17       par18 
-0.25410416 -0.03420068 -0.03237574 -0.03801735 

$delta
     par19      par20      par21      par22 
0.31734785 0.03520109 0.03541248 0.04275896 

$lambda
    par23     par24     par25     par26 
20.599555  2.192452  6.888625  2.126799 

$S
              [,1]          [,2]         [,3]         [,4]
[1,]  2.471652e-02 -0.0000654739 6.750135e-05 0.0002183807
[2,] -6.547390e-05  0.0017333371 6.832358e-04 0.0011168696
[3,]  6.750135e-05  0.0006832358 9.793848e-04 0.0009917577
[4,]  2.183807e-04  0.0011168696 9.917577e-04 0.0021992422

$message
[1] "relative convergence (4)"

$objective_function
[1] -24632.68

$total_time
Time difference of 2.13741 mins

Assets: 1
Assets: 2
Assets: 15
Assets: 16
$mu
      par1       par2       par3       par4 
1.39823712 0.02165150 0.15587642 0.05485116 

$sigma
[1] 0.15721490 0.04163337 0.03129512 0.04689608

$corr
            [,1]        [,2]       [,3]       [,4]
[1,]  1.00000000 -0.01000306 0.01371962 0.02961993
[2,] -0.01000306  1.00000000 0.52438758 0.57203742
[3,]  0.01371962  0.52438758 1.00000000 0.67575986
[4,]  0.02961993  0.57203742 0.67575986 1.00000000

$theta
      par15       par16       par17       par18 
-0.25410416 -0.03420068 -0.03237574 -0.03801735 

$delta
     par19      par20      par21      par22 
0.31734785 0.03520109 0.03541248 0.04275896 

$lambda
    par23     par24     par25     par26 
20.599555  2.192452  6.888625  2.126799 

$S
              [,1]          [,2]         [,3]         [,4]
[1,]  2.471652e-02 -0.0000654739 6.750135e-05 0.0002183807
[2,] -6.547390e-05  0.0017333371 6.832358e-04 0.0011168696
[3,]  6.750135e-05  0.0006832358 9.793848e-04 0.0009917577
[4,]  2.183807e-04  0.0011168696 9.917577e-04 0.0021992422

$message
[1] "relative convergence (4)"

$objective_function
[1] -24632.68

$total_time
Time difference of 2.13741 mins

Assets: 3
Assets: 4
Assets: 5
Assets: 6
$mu
      par1       par2       par3       par4 
1.39823712 0.02165150 0.15587642 0.05485116 

$sigma
[1] 0.15721490 0.04163337 0.03129512 0.04689608

$corr
            [,1]        [,2]       [,3]       [,4]
[1,]  1.00000000 -0.01000306 0.01371962 0.02961993
[2,] -0.01000306  1.00000000 0.52438758 0.57203742
[3,]  0.01371962  0.52438758 1.00000000 0.67575986
[4,]  0.02961993  0.57203742 0.67575986 1.00000000

$theta
      par15       par16       par17       par18 
-0.25410416 -0.03420068 -0.03237574 -0.03801735 

$delta
     par19      par20      par21      par22 
0.31734785 0.03520109 0.03541248 0.04275896 

$lambda
    par23     par24     par25     par26 
20.599555  2.192452  6.888625  2.126799 

$S
              [,1]          [,2]         [,3]         [,4]
[1,]  2.471652e-02 -0.0000654739 6.750135e-05 0.0002183807
[2,] -6.547390e-05  0.0017333371 6.832358e-04 0.0011168696
[3,]  6.750135e-05  0.0006832358 9.793848e-04 0.0009917577
[4,]  2.183807e-04  0.0011168696 9.917577e-04 0.0021992422

$message
[1] "relative convergence (4)"

$objective_function
[1] -24632.68

$total_time
Time difference of 2.13741 mins

Assets: 3
Assets: 4
Assets: 7
Assets: 8
$mu
      par1       par2       par3       par4 
1.39823712 0.02165150 0.15587642 0.05485116 

$sigma
[1] 0.15721490 0.04163337 0.03129512 0.04689608

$corr
            [,1]        [,2]       [,3]       [,4]
[1,]  1.00000000 -0.01000306 0.01371962 0.02961993
[2,] -0.01000306  1.00000000 0.52438758 0.57203742
[3,]  0.01371962  0.52438758 1.00000000 0.67575986
[4,]  0.02961993  0.57203742 0.67575986 1.00000000

$theta
      par15       par16       par17       par18 
-0.25410416 -0.03420068 -0.03237574 -0.03801735 

$delta
     par19      par20      par21      par22 
0.31734785 0.03520109 0.03541248 0.04275896 

$lambda
    par23     par24     par25     par26 
20.599555  2.192452  6.888625  2.126799 

$S
              [,1]          [,2]         [,3]         [,4]
[1,]  2.471652e-02 -0.0000654739 6.750135e-05 0.0002183807
[2,] -6.547390e-05  0.0017333371 6.832358e-04 0.0011168696
[3,]  6.750135e-05  0.0006832358 9.793848e-04 0.0009917577
[4,]  2.183807e-04  0.0011168696 9.917577e-04 0.0021992422

$message
[1] "relative convergence (4)"

$objective_function
[1] -24632.68

$total_time
Time difference of 2.13741 mins

Assets: 3
Assets: 4
Assets: 9
Assets: 10
$mu
      par1       par2       par3       par4 
1.39823712 0.02165150 0.15587642 0.05485116 

$sigma
[1] 0.15721490 0.04163337 0.03129512 0.04689608

$corr
            [,1]        [,2]       [,3]       [,4]
[1,]  1.00000000 -0.01000306 0.01371962 0.02961993
[2,] -0.01000306  1.00000000 0.52438758 0.57203742
[3,]  0.01371962  0.52438758 1.00000000 0.67575986
[4,]  0.02961993  0.57203742 0.67575986 1.00000000

$theta
      par15       par16       par17       par18 
-0.25410416 -0.03420068 -0.03237574 -0.03801735 

$delta
     par19      par20      par21      par22 
0.31734785 0.03520109 0.03541248 0.04275896 

$lambda
    par23     par24     par25     par26 
20.599555  2.192452  6.888625  2.126799 

$S
              [,1]          [,2]         [,3]         [,4]
[1,]  2.471652e-02 -0.0000654739 6.750135e-05 0.0002183807
[2,] -6.547390e-05  0.0017333371 6.832358e-04 0.0011168696
[3,]  6.750135e-05  0.0006832358 9.793848e-04 0.0009917577
[4,]  2.183807e-04  0.0011168696 9.917577e-04 0.0021992422

$message
[1] "relative convergence (4)"

$objective_function
[1] -24632.68

$total_time
Time difference of 2.13741 mins

Assets: 3
Assets: 4
Assets: 11
Assets: 12
$mu
      par1       par2       par3       par4 
1.39823712 0.02165150 0.15587642 0.05485116 

$sigma
[1] 0.15721490 0.04163337 0.03129512 0.04689608

$corr
            [,1]        [,2]       [,3]       [,4]
[1,]  1.00000000 -0.01000306 0.01371962 0.02961993
[2,] -0.01000306  1.00000000 0.52438758 0.57203742
[3,]  0.01371962  0.52438758 1.00000000 0.67575986
[4,]  0.02961993  0.57203742 0.67575986 1.00000000

$theta
      par15       par16       par17       par18 
-0.25410416 -0.03420068 -0.03237574 -0.03801735 

$delta
     par19      par20      par21      par22 
0.31734785 0.03520109 0.03541248 0.04275896 

$lambda
    par23     par24     par25     par26 
20.599555  2.192452  6.888625  2.126799 

$S
              [,1]          [,2]         [,3]         [,4]
[1,]  2.471652e-02 -0.0000654739 6.750135e-05 0.0002183807
[2,] -6.547390e-05  0.0017333371 6.832358e-04 0.0011168696
[3,]  6.750135e-05  0.0006832358 9.793848e-04 0.0009917577
[4,]  2.183807e-04  0.0011168696 9.917577e-04 0.0021992422

$message
[1] "relative convergence (4)"

$objective_function
[1] -24632.68

$total_time
Time difference of 2.13741 mins

Assets: 3
Assets: 4
Assets: 13
Assets: 14
$mu
      par1       par2       par3       par4 
1.39823712 0.02165150 0.15587642 0.05485116 

$sigma
[1] 0.15721490 0.04163337 0.03129512 0.04689608

$corr
            [,1]        [,2]       [,3]       [,4]
[1,]  1.00000000 -0.01000306 0.01371962 0.02961993
[2,] -0.01000306  1.00000000 0.52438758 0.57203742
[3,]  0.01371962  0.52438758 1.00000000 0.67575986
[4,]  0.02961993  0.57203742 0.67575986 1.00000000

$theta
      par15       par16       par17       par18 
-0.25410416 -0.03420068 -0.03237574 -0.03801735 

$delta
     par19      par20      par21      par22 
0.31734785 0.03520109 0.03541248 0.04275896 

$lambda
    par23     par24     par25     par26 
20.599555  2.192452  6.888625  2.126799 

$S
              [,1]          [,2]         [,3]         [,4]
[1,]  2.471652e-02 -0.0000654739 6.750135e-05 0.0002183807
[2,] -6.547390e-05  0.0017333371 6.832358e-04 0.0011168696
[3,]  6.750135e-05  0.0006832358 9.793848e-04 0.0009917577
[4,]  2.183807e-04  0.0011168696 9.917577e-04 0.0021992422

$message
[1] "relative convergence (4)"

$objective_function
[1] -24632.68

$total_time
Time difference of 2.13741 mins

Assets: 3
Assets: 4
Assets: 15
Assets: 16
$mu
      par1       par2       par3       par4 
1.39823712 0.02165150 0.15587642 0.05485116 

$sigma
[1] 0.15721490 0.04163337 0.03129512 0.04689608

$corr
            [,1]        [,2]       [,3]       [,4]
[1,]  1.00000000 -0.01000306 0.01371962 0.02961993
[2,] -0.01000306  1.00000000 0.52438758 0.57203742
[3,]  0.01371962  0.52438758 1.00000000 0.67575986
[4,]  0.02961993  0.57203742 0.67575986 1.00000000

$theta
      par15       par16       par17       par18 
-0.25410416 -0.03420068 -0.03237574 -0.03801735 

$delta
     par19      par20      par21      par22 
0.31734785 0.03520109 0.03541248 0.04275896 

$lambda
    par23     par24     par25     par26 
20.599555  2.192452  6.888625  2.126799 

$S
              [,1]          [,2]         [,3]         [,4]
[1,]  2.471652e-02 -0.0000654739 6.750135e-05 0.0002183807
[2,] -6.547390e-05  0.0017333371 6.832358e-04 0.0011168696
[3,]  6.750135e-05  0.0006832358 9.793848e-04 0.0009917577
[4,]  2.183807e-04  0.0011168696 9.917577e-04 0.0021992422

$message
[1] "relative convergence (4)"

$objective_function
[1] -24632.68

$total_time
Time difference of 2.13741 mins

Assets: 5
Assets: 6
Assets: 7
Assets: 8
$mu
      par1       par2       par3       par4 
1.39823712 0.02165150 0.15587642 0.05485116 

$sigma
[1] 0.15721490 0.04163337 0.03129512 0.04689608

$corr
            [,1]        [,2]       [,3]       [,4]
[1,]  1.00000000 -0.01000306 0.01371962 0.02961993
[2,] -0.01000306  1.00000000 0.52438758 0.57203742
[3,]  0.01371962  0.52438758 1.00000000 0.67575986
[4,]  0.02961993  0.57203742 0.67575986 1.00000000

$theta
      par15       par16       par17       par18 
-0.25410416 -0.03420068 -0.03237574 -0.03801735 

$delta
     par19      par20      par21      par22 
0.31734785 0.03520109 0.03541248 0.04275896 

$lambda
    par23     par24     par25     par26 
20.599555  2.192452  6.888625  2.126799 

$S
              [,1]          [,2]         [,3]         [,4]
[1,]  2.471652e-02 -0.0000654739 6.750135e-05 0.0002183807
[2,] -6.547390e-05  0.0017333371 6.832358e-04 0.0011168696
[3,]  6.750135e-05  0.0006832358 9.793848e-04 0.0009917577
[4,]  2.183807e-04  0.0011168696 9.917577e-04 0.0021992422

$message
[1] "relative convergence (4)"

$objective_function
[1] -24632.68

$total_time
Time difference of 2.13741 mins

Assets: 5
Assets: 6
Assets: 9
Assets: 10
$mu
      par1       par2       par3       par4 
1.39823712 0.02165150 0.15587642 0.05485116 

$sigma
[1] 0.15721490 0.04163337 0.03129512 0.04689608

$corr
            [,1]        [,2]       [,3]       [,4]
[1,]  1.00000000 -0.01000306 0.01371962 0.02961993
[2,] -0.01000306  1.00000000 0.52438758 0.57203742
[3,]  0.01371962  0.52438758 1.00000000 0.67575986
[4,]  0.02961993  0.57203742 0.67575986 1.00000000

$theta
      par15       par16       par17       par18 
-0.25410416 -0.03420068 -0.03237574 -0.03801735 

$delta
     par19      par20      par21      par22 
0.31734785 0.03520109 0.03541248 0.04275896 

$lambda
    par23     par24     par25     par26 
20.599555  2.192452  6.888625  2.126799 

$S
              [,1]          [,2]         [,3]         [,4]
[1,]  2.471652e-02 -0.0000654739 6.750135e-05 0.0002183807
[2,] -6.547390e-05  0.0017333371 6.832358e-04 0.0011168696
[3,]  6.750135e-05  0.0006832358 9.793848e-04 0.0009917577
[4,]  2.183807e-04  0.0011168696 9.917577e-04 0.0021992422

$message
[1] "relative convergence (4)"

$objective_function
[1] -24632.68

$total_time
Time difference of 2.13741 mins

Assets: 5
Assets: 6
Assets: 11
Assets: 12
$mu
      par1       par2       par3       par4 
1.39823712 0.02165150 0.15587642 0.05485116 

$sigma
[1] 0.15721490 0.04163337 0.03129512 0.04689608

$corr
            [,1]        [,2]       [,3]       [,4]
[1,]  1.00000000 -0.01000306 0.01371962 0.02961993
[2,] -0.01000306  1.00000000 0.52438758 0.57203742
[3,]  0.01371962  0.52438758 1.00000000 0.67575986
[4,]  0.02961993  0.57203742 0.67575986 1.00000000

$theta
      par15       par16       par17       par18 
-0.25410416 -0.03420068 -0.03237574 -0.03801735 

$delta
     par19      par20      par21      par22 
0.31734785 0.03520109 0.03541248 0.04275896 

$lambda
    par23     par24     par25     par26 
20.599555  2.192452  6.888625  2.126799 

$S
