""
"V1" "V2" "V3" "V4" "V5" "V6" "V7" "V8" "V9" "V10" "V11" "V12" "V13" "V14" "V15" "V16"
"1" 0.78804699850739 -0.00320450792409152 0.00125478808960554 0.00281707342534907 0.00121619652040213 0.000493067155890741 0.000138090581230958 0.000604291069949815 0.000455688623295381 0.000649223331111534 -0.000795616646054457 0.000524034012197794 -9.11712571923675e-05 0.00139330805673739 0.00881164779530154 0.000988924048775944
"2" -0.00320450792409152 0.0270480229194149 0.0106758386540249 0.0200138985384161 0.0120432950662623 0.00262948777250202 -0.000803101185064433 0.00301746413974178 0.00301452297680274 0.00295843741507014 0.00130376054364774 -0.00237797206357837 0.00357741201712785 0.0149745092939415 0.00467692685831987 0.0127357675185041
"3" 0.00125478808960553 0.0106758386540249 0.0171689390130393 0.0174708263185054 0.0196751726407845 0.00147530567731173 -0.00145237356979293 0.0018860722605418 0.00211575484365378 0.00191443757139086 0.00016020953170613 -0.00275978493880645 0.000287110398568832 0.0140358277082193 0.0035534625056545 0.00846607607498473
"4" 0.00281707342534907 0.0200138985384161 0.0174708263185054 0.0434015600981952 0.0199046357995605 0.00724814784735418 -0.00196819037783072 0.00879651921238395 0.00908258999816249 0.00632457830534864 0.00450384722226787 -0.00323659973144164 0.00350132165791875 0.0200086154558274 0.00695743986535056 0.0175288119843751
"5" 0.00121619652040213 0.0120432950662623 0.0196751726407845 0.0199046357995605 0.0227780210089372 0.00141082658253011 -0.00160402854750435 0.00191019796400052 0.00213142572810624 0.00184620258430857 0.000102953837391886 -0.00298806703641471 0.000528852409809986 0.0132661743876067 0.00369790390951228 0.00872969789963074
"6" 0.000493067155890741 0.00262948777250202 0.00147530567731173 0.00724814784735418 0.00141082658253011 0.00654160024063478 0.000501527231768114 0.00685028190772702 0.00640854901134802 0.00395697145415341 0.00534502497398794 0.00296268635215332 0.00520997493084333 0.00355285279067309 0.0021305936966243 0.00394879365213047
"7" 0.000138090581230958 -0.000803101185064433 -0.00145237356979293 -0.00196819037783072 -0.00160402854750435 0.000501527231768114 0.000926485768876428 0.000406276903053271 5.39088466854489e-06 -6.04537294515809e-05 0.000364961682293029 0.00109113241692662 0.000889071317549402 -0.00194455485888429 -0.00039403308217271 -0.000990612719838463
"8" 0.000604291069949815 0.00301746413974178 0.0018860722605418 0.00879651921238395 0.00191019796400052 0.00685028190772702 0.000406276903053271 0.0073535058052287 0.00696057684693361 0.00372356221503335 0.00577664107877322 0.00287034167044347 0.00525335252017508 0.00393672144259775 0.002008061641784 0.00426184545854482
"9" 0.000455688623295381 0.00301452297680274 0.00211575484365378 0.00908258999816249 0.00213142572810624 0.00640854901134802 5.39088466854495e-06 0.00696057684693361 0.00713234571195329 0.00380272830251918 0.005806728813792 0.00241215476302269 0.00470382895674885 0.00471706996419545 0.00259186490106726 0.00464972952573716
"10" 0.000649223331111534 0.00295843741507014 0.00191443757139086 0.00632457830534864 0.00184620258430857 0.00395697145415341 -6.04537294515809e-05 0.00372356221503335 0.00380272830251918 0.00565127098475388 0.00322258990961781 0.00139131129331039 0.00345105585554527 0.00502625588704347 0.00202652470010825 0.00362328681024119
"11" -0.000795616646054457 0.00130376054364774 0.00016020953170613 0.00450384722226787 0.000102953837391886 0.00534502497398794 0.000364961682293029 0.00577664107877322 0.005806728813792 0.00322258990961781 0.00720309868574138 0.00329455568555367 0.00534888329087353 0.00308622297617677 0.00186558149076404 0.00334499091002546
"12" 0.000524034012197794 -0.00237797206357837 -0.00275978493880645 -0.00323659973144164 -0.00298806703641471 0.00296268635215332 0.00109113241692662 0.00287034167044347 0.00241215476302269 0.00139131129331039 0.00329455568555367 0.00674784366974828 0.00518565820578207 -0.00139909730747627 0.000299261303062668 -0.000694870649166227
"13" -9.11712571923675e-05 0.00357741201712785 0.000287110398568832 0.00350132165791875 0.000528852409809985 0.00520997493084333 0.000889071317549402 0.00525335252017508 0.00470382895674885 0.00345105585554527 0.00534888329087353 0.00518565820578207 0.0183633706508196 0.00783849996389136 0.00380085330469505 0.00789487953710818
"14" 0.00139330805673739 0.0149745092939415 0.0140358277082193 0.0200086154558274 0.0132661743876067 0.0035528527906731 -0.00194455485888429 0.00393672144259775 0.00471706996419545 0.00502625588704347 0.00308622297617677 -0.00139909730747627 0.00783849996389136 0.081042068963668 0.0116660029804836 0.0186508146528915
"15" 0.00881164779530154 0.00467692685831987 0.0035534625056545 0.00695743986535056 0.00369790390951228 0.0021305936966243 -0.00039403308217271 0.002008061641784 0.00259186490106726 0.00202652470010825 0.00186558149076404 0.000299261303062668 0.00380085330469505 0.0116660029804836 0.0410765154357444 0.00718230927077723
"16" 0.000988924048775944 0.0127357675185041 0.00846607607498473 0.017528811984375 0.00872969789963074 0.00394879365213047 -0.000990612719838463 0.00426184545854482 0.00464972952573716 0.00362328681024119 0.00334499091002546 -0.000694870649166228 0.00789487953710818 0.0186508146528915 0.00718230927077723 0.0311780033745809
"btc" "bric" "sp500" "eurostoxx" "nasdaq" "bond_europe" "bond_us" "bond_eur" "eur" "gbp" "chf" "jpy" "gold" "wti" "grain" "metal"
"btc" 1 -0.0219491409467246 0.0107875444726497 0.015232438618382 0.00907757200132686 0.00686733153453589 0.00511056153119796 0.00793821572644686 0.00607821326014632 0.00972848005105238 -0.0105601021417662 0.0071862266364549 -0.000757889139586202 0.00551335337074913 0.0489761083318103 0.00630903197923124
"bric" -0.0219491409467246 1 0.495407423151047 0.58413235242284 0.485198633908706 0.197679390060669 -0.160429092737597 0.213957312862206 0.217037432252132 0.239288351126322 0.0934050566826321 -0.176017755624073 0.160518465188433 0.319837643451968 0.140312388577172 0.438564233014945
"sp500" 0.0107875444726497 0.495407423151047 1 0.640013370547602 0.994921528096995 0.139209311116263 -0.364155800179229 0.167856969837565 0.191195392366112 0.194355311338193 0.0144064487825799 -0.256401761777361 0.0161696639059772 0.376279917098667 0.133808348626577 0.365920118440355
"eurostoxx" 0.015232438618382 0.58413235242284 0.640013370547602 1 0.633058100916387 0.430162326888792 -0.310380949582191 0.492391974065741 0.516227155892364 0.403836749182071 0.254724839520173 -0.189127123418579 0.124023259117149 0.337372055618932 0.164778290716748 0.476513997545745
"nasdaq" 0.00907757200132686 0.485198633908706 0.994921528096995 0.633058100916387 1 0.115577591227379 -0.349168230753582 0.147595515918022 0.167223002261142 0.162722756907521 0.00803757172873508 -0.241018198325391 0.0258583192459368 0.308768115676501 0.120892909501221 0.327579767474291
"bond_europe" 0.00686733153453589 0.197679390060669 0.139209311116263 0.430162326888792 0.115577591227379 1 0.203719753693025 0.987686741873935 0.938213152433795 0.650800458957192 0.77866034159528 0.445924331834837 0.47535430686774 0.154304983689836 0.129975602731773 0.276502008053894
"bond_us" 0.00511056153119796 -0.160429092737597 -0.364155800179229 -0.310380949582191 -0.349168230753582 0.203719753693025 1 0.155652298079012 0.0020971257433109 -0.0264198687234218 0.141275941747979 0.436390789680167 0.215546523757631 -0.224411735020286 -0.0638728819456594 -0.184314869850981
"bond_eur" 0.00793821572644686 0.213957312862206 0.167856969837565 0.492391974065741 0.147595515918022 0.987686741873934 0.155652298079012 1 0.961129306670691 0.57761482130318 0.793722116977567 0.407477722282662 0.452077741565145 0.161262061024549 0.115540175549548 0.281466250494323
"eur" 0.00607821326014632 0.217037432252132 0.191195392366112 0.516227155892364 0.167223002261142 0.938213152433795 0.00209712574331092 0.961129306670691 1 0.598971333611815 0.810131779425325 0.34770142407862 0.411016378512795 0.196200841193486 0.151425623396078 0.311808067806246
"gbp" 0.00972848005105238 0.239288351126322 0.194355311338193 0.403836749182071 0.162722756907521 0.650800458957192 -0.0264198687234218 0.57761482130318 0.598971333611815 1 0.505094098367217 0.225303914678961 0.338768266618654 0.234863900162697 0.133009309138198 0.272964077419954
"chf" -0.0105601021417662 0.0934050566826321 0.0144064487825799 0.254724839520173 0.00803757172873504 0.77866034159528 0.141275941747979 0.793722116977567 0.810131779425325 0.505094098367217 1 0.47255750385368 0.465079545571245 0.127735719271104 0.108457039227041 0.223208695657079
"jpy" 0.0071862266364549 -0.176017755624073 -0.256401761777361 -0.189127123418579 -0.241018198325391 0.445924331834837 0.436390789680167 0.407477722282662 0.34770142407862 0.225303914678961 0.47255750385368 1 0.465849015510758 -0.0598287810495165 0.0179750976739766 -0.0479068164489185
"gold" -0.000757889139586203 0.160518465188433 0.0161696639059771 0.124023259117149 0.0258583192459367 0.47535430686774 0.215546523757631 0.452077741565145 0.411016378512795 0.338768266618654 0.465079545571245 0.465849015510758 1 0.203189611832032 0.138391083852706 0.32994773987075
"wti" 0.00551335337074913 0.319837643451968 0.376279917098667 0.337372055618932 0.308768115676501 0.154304983689836 -0.224411735020287 0.161262061024549 0.196200841193486 0.234863900162697 0.127735719271104 -0.0598287810495165 0.203189611832032 1 0.202194820213378 0.371038005213998
"grain" 0.0489761083318103 0.140312388577172 0.133808348626577 0.164778290716748 0.120892909501221 0.129975602731773 -0.0638728819456594 0.115540175549548 0.151425623396078 0.133009309138197 0.108457039227041 0.0179750976739766 0.138391083852706 0.202194820213378 1 0.200698050835663
"metal" 0.00630903197923124 0.438564233014945 0.365920118440355 0.476513997545745 0.327579767474291 0.276502008053894 -0.184314869850981 0.281466250494323 0.311808067806246 0.272964077419954 0.223208695657079 -0.0479068164489185 0.32994773987075 0.371038005213998 0.200698050835664 1
""
""
""
