"btc" "bric" "sp500" "eurostoxx" "nasdaq" "bond_europe" "bond_us" "bond_eur" "eur" "gbp" "chf" "jpy" "gold" "wti" "grain" "metal" "vix"
"mu" 1.4028781498944 0.0449238609402517 0.166696495859671 0.0721353366560284 0.236898703628497 0.0432325737245082 0.0354176611252802 0.0383332499557682 -0.0127901285161836 -0.00245927112339305 0.00241092369670399 0.00250028057265839 0.066769039553533 0.0695178095525403 -0.0140101062788471 -0.00106208527488902 -0.552889456800205
"sigma" 0.0248135230933247 0.00168135823176076 0.000990209912851599 0.00271683092454749 0.00136133120181208 0.000402030489689709 5.80676676889376e-05 0.000460248405094304 0.000446137185619539 0.000353389496781518 0.000450096468969927 0.000421950573332823 0.00114325031182312 0.00501259881146287 0.00246651549637835 0.00195236549466973 0.065858291105042
"theta" -0.254104156776094 -0.0342006847775613 -0.0323757414877174 -0.0447641943308434 -0.0363116298008357 -0.0185662199297531 -0.005848800812676 -0.0160169627284579 -0.0166315905295509 -0.0148235085929223 -0.0162627101553325 -0.0196458575237937 -0.0342882268627071 -0.0608404472434534 -0.0461979447637199 -0.0343541281247557 -0.204816482697666
"delta" 0.317373491702329 0.030965337393238 0.0315570492904862 0.0423533013661742 0.0282956408235717 0.0552804515938292 0.00311699041420353 0.0247647025223578 0.0227419940852887 0.0207648822061323 0.0350722567113384 0.0208277460316965 0.0384851696696333 0.0668758010590312 0.049034352301108 0.0284311273322363 0.362761178947562
"lambda" 20.5046686690035 2.97014172095574 6.02080071136868 3.68902604104785 5.01413796413521 1.68274992877188 2.65906896640575 1.94948315763666 1.06599392894485 2.9605807438595 4.85262822844201 4.67884989058457 6.13345204948241 6.71801440925706 4.51749389337347 1.79719242828566 6.45066326877871
"V1" "V2" "V3" "V4" "V5" "V6" "V7" "V8" "V9" "V10" "V11" "V12" "V13" "V14" "V15" "V16" "V17"
"1" 0.0248135230933247 -4.54212851791258e-05 4.32604813488034e-05 0.000244685837953991 9.92164638870331e-05 4.85582891797685e-05 8.9522066439759e-06 5.19477561554544e-05 2.89100429234294e-05 6.54014481873046e-05 5.17369683635547e-05 1.14970954114991e-05 2.93131768026323e-05 0.000282223613510671 0.000184201811345457 4.82551783077302e-05 -0.000289929733180151
"2" -4.54212851791258e-05 0.00168135823176076 0.0006554876382398 0.00125241010789856 0.000754472875159946 0.000168755820506244 -4.999718136566e-05 0.000192167894121758 0.000192706348921292 0.000185589546552497 8.53543356837731e-05 -0.000145741219802496 0.000223238729531032 0.000934746583102555 0.000287771059571068 0.000796425884339743 -0.00445407059218945
"3" 4.32604813488034e-05 0.0006554876382398 0.000990209912851599 0.00109110939719611 0.00130185333260835 9.51214170149511e-05 -9.14554358312582e-05 0.000124032361224145 0.000135279801295407 0.000123319541332223 5.06029795437423e-06 -0.000175737369366115 1.39770910683156e-05 0.000876956799879542 0.00022166384774505 0.000531783953650792 -0.00691330682617833
"4" 0.000244685837953991 0.00125241010789856 0.00109110939719611 0.00271683092454749 0.0012005067231123 0.000453040219029899 -0.000125065466102833 0.000554603415650554 0.000568717458402986 0.000396068400312177 0.000281098139992542 -0.00020268648019678 0.00021691636985041 0.00124524571357911 0.000434517730617634 0.0010952088280377 -0.00675152862011869
"5" 9.92164638870331e-05 0.000754472875159946 0.00130185333260835 0.0012005067231123 0.00136133120181208 8.71375738720847e-05 -9.56310104516168e-05 0.000116135583911011 0.000130940918525282 0.000112414994831491 1.23809722905581e-05 -0.000183562513336499 3.30251164996032e-05 0.000858742644507486 0.000230525701918167 0.000543831620247883 -0.00799180681749799
"6" 4.85582891797685e-05 0.000168755820506244 9.51214170149512e-05 0.000453040219029899 8.71375738720847e-05 0.000402030489689709 3.13160147549909e-05 0.000436793639043519 0.000400124076534875 0.000248849073881862 0.000337647328339614 0.000188800487971887 0.000326692430530258 0.000222192784290349 0.000133316958015394 0.000247276596883281 -0.000389220536130418
"7" 8.9522066439759e-06 -4.999718136566e-05 -9.14554358312582e-05 -0.000125065466102833 -9.56310104516168e-05 3.13160147549909e-05 5.80676676889376e-05 2.46791893788801e-05 7.72070521514084e-08 -3.7968260329601e-06 2.28157190360884e-05 6.82988901310672e-05 5.60154703059483e-05 -0.000121336169248258 -2.56033852116584e-05 -6.19771904683631e-05 0.000571765526969254
"8" 5.19477561554544e-05 0.000192167894121758 0.000124032361224145 0.000554603415650554 0.000116135583911011 0.000436793639043519 2.46791893788801e-05 0.000460248405094304 0.000436654089651446 0.000231691796124675 0.000362410154191577 0.000179757270749914 0.000328960616962265 0.000268665768939173 0.000131988590609975 0.000266859498150968 -0.000515418701116237
"9" 2.89100429234294e-05 0.000192706348921292 0.000135279801295407 0.000568717458402986 0.000130940918525282 0.000400124076534875 7.72070521514084e-08 0.000436654089651446 0.000446137185619539 0.000237865121069377 0.000363584718636332 0.000151109909643944 0.000294469450686736 0.000313329887716886 0.00015842840356341 0.000292373427607258 -0.000595525292516668
"10" 6.54014481873046e-05 0.000185589546552497 0.000123319541332223 0.000396068400312177 0.000112414994831491 0.000248849073881862 -3.79682603296009e-06 0.000231691796124675 0.000237865121069377 0.000353389496781518 0.000196887483456727 8.58486858243722e-05 0.000215889381892979 0.000315523194227618 0.000126766859034326 0.000226944137853399 -0.000661477943453509
"11" 5.17369683635547e-05 8.53543356837731e-05 5.06029795437423e-06 0.000281098139992542 1.23809722905581e-05 0.000337647328339614 2.28157190360884e-05 0.000362410154191577 0.000363584718636332 0.000196887483456727 0.000450096468969927 0.000206315476585278 0.000334167054725329 0.000193059590321371 0.000123967207709999 0.000209560118814657 0.000214275062943274
"12" 1.14970954114991e-05 -0.000145741219802496 -0.000175737369366115 -0.00020268648019678 -0.000183562513336499 0.000188800487971887 6.82988901310672e-05 0.000179757270749914 0.000151109909643944 8.58486858243722e-05 0.000206315476585278 0.000421950573332823 0.000324393011548831 -8.65017579254918e-05 1.16810630417384e-05 -4.36119621012533e-05 0.00125805542505827
"13" 2.93131768026323e-05 0.000223238729531032 1.39770910683156e-05 0.00021691636985041 3.30251164996032e-05 0.000326692430530258 5.60154703059483e-05 0.000328960616962265 0.000294469450686736 0.000215889381892979 0.000334167054725329 0.000324393011548831 0.00114325031182312 0.000493230016307633 0.000231571158152273 0.00050779856878053 2.48099409465565e-05
"14" 0.000282223613510671 0.000934746583102555 0.000876956799879542 0.00124524571357911 0.000858742644507486 0.000222192784290349 -0.000121336169248258 0.000268665768939173 0.000313329887716886 0.000315523194227618 0.000193059590321371 -8.65017579254918e-05 0.000493230016307633 0.00501259881146287 0.000714426086404358 0.00117739258862254 -0.00530901583969114
"15" 0.000184201811345457 0.000287771059571069 0.00022166384774505 0.000434517730617634 0.000230525701918167 0.000133316958015394 -2.56033852116584e-05 0.000131988590609975 0.00015842840356341 0.000126766859034326 0.000123967207709999 1.16810630417384e-05 0.000231571158152273 0.000714426086404358 0.00246651549637835 0.000443437668716849 -0.00169909470012859
"16" 4.82551783077302e-05 0.000796425884339743 0.000531783953650792 0.0010952088280377 0.000543831620247883 0.000247276596883281 -6.19771904683631e-05 0.000266859498150968 0.000292373427607258 0.000226944137853399 0.000209560118814657 -4.36119621012533e-05 0.00050779856878053 0.00117739258862254 0.000443437668716849 0.00195236549466973 -0.00280337620202828
"17" -0.000289929733180151 -0.00445407059218945 -0.00691330682617833 -0.00675152862011869 -0.00799180681749799 -0.000389220536130418 0.000571765526969254 -0.000515418701116237 -0.000595525292516668 -0.000661477943453509 0.000214275062943274 0.00125805542505827 2.48099409465565e-05 -0.00530901583969114 -0.00169909470012859 -0.00280337620202828 0.065858291105042
"V1" "V2" "V3" "V4" "V5" "V6" "V7" "V8" "V9" "V10" "V11" "V12" "V13" "V14" "V15" "V16" "V17"
"1" 1 -0.00703210060767348 0.00872737218346479 0.0298011698203638 0.0170709476177004 0.0153740987471449 0.00745793667698058 0.015371860397082 0.00868901024606544 0.022085962516805 0.0154811763663915 0.0035531466230106 0.0055036145192944 0.0253056594504986 0.0235454912989246 0.00693296723072971 -0.0071720500506856
"2" -0.00703210060767348 1 0.508008224824154 0.585983153763593 0.498691084466659 0.205257548782644 -0.160010396974869 0.218451261799352 0.222500855071185 0.24076678004398 0.0981166375099782 -0.173030029644828 0.1610158951374 0.321982513020816 0.141310705439955 0.439576713241916 -0.423274143800279
"3" 0.00872737218346479 0.508008224824154 1 0.665232341863727 1.12128632339289 0.150759670996055 -0.38139825130236 0.183727950540148 0.203533129450392 0.208468982725157 0.00757983324638393 -0.271875263744393 0.0131365854684693 0.393625378908402 0.141836925448248 0.382464413172186 -0.856085159731955
"4" 0.0298011698203638 0.585983153763593 0.665232341863727 1 0.62423970864883 0.433486879576126 -0.314875527907067 0.495969634520229 0.516572214730814 0.404214668502391 0.254199014775645 -0.189305261259154 0.123080813360313 0.337436669613691 0.167854996179235 0.475537826072552 -0.504737506972575
"5" 0.0170709476177004 0.498691084466659 1.12128632339289 0.62423970864883 1 0.117786107315602 -0.340133692557453 0.1467193054326 0.16801933910522 0.162074812082026 0.0158168519426362 -0.242198419858875 0.0264723072440514 0.328737809847008 0.125804312734373 0.333581528454679 -0.844029933756392
"6" 0.0153740987471449 0.205257548782644 0.150759670996055 0.433486879576126 0.117786107315602 1 0.204960325533547 1.01543157475092 0.944780623460125 0.660206376517656 0.793745030537784 0.458398118422725 0.481880011769568 0.156519691153624 0.133879467370701 0.279108432663497 -0.0756416549924217
"7" 0.00745793667698058 -0.160010396974869 -0.38139825130236 -0.314875527907067 -0.340133692557453 0.204960325533547 1 0.15096196949101 0.000479684370261133 -0.0265049316409039 0.141128318070775 0.436330593034202 0.217405301864021 -0.224901118211576 -0.0676531892887307 -0.184070474522307 0.292378576362751
"8" 0.015371860397082 0.218451261799352 0.183727950540148 0.495969634520229 0.1467193054326 1.01543157475092 0.15096196949101 1 0.963623037761381 0.574496902479596 0.796253599156398 0.407905469603619 0.453499797148722 0.17688243834847 0.123879179775363 0.281517862996845 -0.0936178789533849
"9" 0.00868901024606544 0.222500855071185 0.203533129450392 0.516572214730814 0.16801933910522 0.944780623460125 0.000479684370261133 0.963623037761381 1 0.599059189105804 0.811369367095154 0.348279525090104 0.412320920065254 0.209525139285919 0.15102780487619 0.313273115229735 -0.109865356871096
"10" 0.022085962516805 0.24076678004398 0.208468982725157 0.404214668502391 0.162074812082026 0.660206376517656 -0.0265049316409039 0.574496902479596 0.599059189105804 1 0.493671989343492 0.222318724397196 0.339651705678661 0.237068033789159 0.135780369687324 0.273219434763974 -0.137114479703565
"11" 0.0154811763663915 0.0981166375099782 0.00757983324638394 0.254199014775645 0.0158168519426362 0.793745030537784 0.141128318070775 0.796253599156398 0.811369367095154 0.493671989343492 1 0.473421758031662 0.465843632613168 0.128530768405606 0.117655461575303 0.223550307357175 0.039356239945272
"12" 0.0035531466230106 -0.173030029644828 -0.271875263744393 -0.189305261259154 -0.242198419858875 0.458398118422725 0.436330593034202 0.407905469603619 0.348279525090104 0.222318724397196 0.473421758031662 1 0.467057160465491 -0.0594788645708251 0.0114501098427191 -0.0480500975387855 0.238651273107054
"13" 0.0055036145192944 0.1610158951374 0.0131365854684694 0.123080813360313 0.0264723072440514 0.481880011769568 0.217405301864021 0.453499797148722 0.412320920065254 0.339651705678661 0.465843632613168 0.467057160465491 1 0.206038016705283 0.137902417375603 0.339891455071504 0.00285923490900004
"14" 0.0253056594504986 0.321982513020816 0.393625378908402 0.337436669613691 0.328737809847008 0.156519691153624 -0.224901118211576 0.17688243834847 0.209525139285919 0.237068033789159 0.128530768405606 -0.0594788645708251 0.206038016705283 1 0.203181380292923 0.376365028662695 -0.292198053802845
"15" 0.0235454912989246 0.141310705439955 0.141836925448248 0.167854996179235 0.125804312734373 0.1338794673707 -0.0676531892887307 0.123879179775363 0.15102780487619 0.135780369687324 0.117655461575303 0.0114501098427191 0.137902417375603 0.203181380292923 1 0.202073840943699 -0.133312364796479
"16" 0.00693296723072972 0.439576713241916 0.382464413172186 0.475537826072552 0.333581528454679 0.279108432663497 -0.184070474522307 0.281517862996845 0.313273115229735 0.273219434763974 0.223550307357175 -0.0480500975387855 0.339891455071504 0.376365028662695 0.202073840943699 1 -0.247226825186031
"17" -0.0071720500506856 -0.423274143800279 -0.856085159731955 -0.504737506972575 -0.844029933756393 -0.0756416549924218 0.292378576362751 -0.0936178789533849 -0.109865356871096 -0.137114479703565 0.039356239945272 0.238651273107054 0.00285923490900004 -0.292198053802845 -0.133312364796479 -0.247226825186031 1
""
""
""
