Assets: 5
Assets: 6
Assets: 11
Assets: 12
$mu
        par1         par2         par3         par4 
 0.047589609 -0.023858195  0.004646976 -0.016615049 

$sigma
[1] 0.03531226 0.13313708 0.02189045 0.02144315

$corr
          [,1]       [,2]      [,3]       [,4]
[1,] 1.0000000  0.1106229 0.4453714  0.4347291
[2,] 0.1106229  1.0000000 0.0949653 -0.1240728
[3,] 0.4453714  0.0949653 1.0000000  0.4534025
[4,] 0.4347291 -0.1240728 0.4534025  1.0000000

$theta
par15 par16 par17 par18 
 -0.1  -0.1  -0.1  -0.1 

$delta
     par19      par20      par21      par22 
0.09197203 0.15086561 0.11373307 0.09452650 

$lambda
    par23     par24     par25     par26 
 2.857046 10.025184  1.622382  1.543842 

$S
             [,1]          [,2]         [,3]          [,4]
[1,] 0.0012469556  0.0005200791 0.0003442727  0.0003291795
[2,] 0.0005200791  0.0177254809 0.0002767697 -0.0003542128
[3,] 0.0003442727  0.0002767697 0.0004791918  0.0002128272
[4,] 0.0003291795 -0.0003542128 0.0002128272  0.0004598086

$message
[1] "relative convergence (4)"

$objective_function
[1] -27378.33

$total_time
Time difference of 1.615027 mins

FINAL RESULT FOR CORRELATION
               [,1]        [,2]         [,3]        [,4]          [,5]        [,6]      [,7]        [,8]      [,9]      [,10]        [,11]
 [1,]  1.0000000000 -0.02388442 -0.022312954  0.02776976  0.0008203094 -0.01380846 0.0190423 0.001860907 0.0282427 0.02326478  0.019856814
 [2,] -0.0238844176  1.00000000  0.517860764  0.58904130  0.1639945063  0.33205673 0.1408157 0.430132985 0.2202636 0.24081717  0.106196865
 [3,] -0.0223129540  0.51786076  1.000000000  0.65565728  0.0016679995  0.57015408 0.1531029 0.374525352 0.1970592 0.21206873  0.007121248
 [4,]  0.0277697630  0.58904130  0.655657276  1.00000000 -0.0589583242  0.36857636 0.1238497 0.396842508 0.1138669 0.17827497 -0.063282696
 [5,]  0.0008203094  0.16399451  0.001667999 -0.05895832  1.0000000000  0.10455900 0.1503240 0.359507150 0.4241927 0.35115653  0.486670123
 [6,] -0.0138084592  0.33205673  0.570154078  0.36857636  0.1045589984  1.00000000 0.1632002 0.325684635 0.1943271 0.19371210  0.104653811
 [7,]  0.0190422953  0.14081572  0.153102926  0.12384969  0.1503239830  0.16320018 1.0000000 0.208185850       NaN        NaN          NaN
 [8,]  0.0018609067  0.43013299  0.374525352  0.39684251  0.3595071504  0.32568464 0.2081859 1.000000000       NaN        NaN          NaN
 [9,]  0.0282426964  0.22026361  0.197059186  0.11386690  0.4241926860  0.19432705       NaN         NaN 1.0000000 0.58656135          NaN
[10,]  0.0232647796  0.24081717  0.212068729  0.17827497  0.3511565273  0.19371210       NaN         NaN 0.5865613 1.00000000          NaN
[11,]  0.0198568136  0.10619687  0.007121248 -0.06328270  0.4866701228  0.10465381       NaN         NaN       NaN        NaN  1.000000000
[12,] -0.0168674953 -0.16508905 -0.261987464 -0.35015085  0.4747604602 -0.13665020       NaN         NaN       NaN        NaN  0.452633892
[13,] -0.0160055764 -0.04559970 -0.173168516 -0.15177780  0.0000000000  0.00000000       NaN         NaN       NaN        NaN          NaN
[14,] -0.0262716596 -0.17931315 -0.442431088 -0.40612825  0.0000000000  0.00000000       NaN         NaN       NaN        NaN          NaN
           [,12]       [,13]       [,14]
 [1,] -0.0168675 -0.01600558 -0.02627166
 [2,] -0.1650891 -0.04559970 -0.17931315
 [3,] -0.2619875 -0.17316852 -0.44243109
 [4,] -0.3501509 -0.15177780 -0.40612825
 [5,]  0.4747605  0.00000000  0.00000000
 [6,] -0.1366502  0.00000000  0.00000000
 [7,]        NaN         NaN         NaN
 [8,]        NaN         NaN         NaN
 [9,]        NaN         NaN         NaN
[10,]        NaN         NaN         NaN
[11,]  0.4526339         NaN         NaN
[12,]  1.0000000         NaN         NaN
[13,]        NaN  1.00000000  0.49149695
[14,]        NaN  0.49149695  1.00000000
