Assets: 1
Assets: 2
Assets: 3
Assets: 4
$mu
        par1         par2         par3         par4 
 1.534110068 -0.001964645  0.122276195  0.037978509 

$sigma
[1] 0.11829050 0.04231171 0.03266086 0.04787620

$corr
            [,1]        [,2]        [,3]       [,4]
[1,]  1.00000000 -0.02069012 -0.02224631 0.02750946
[2,] -0.02069012  1.00000000  0.50855175 0.57474714
[3,] -0.02224631  0.50855175  1.00000000 0.65957167
[4,]  0.02750946  0.57474714  0.65957167 1.00000000

$theta
par15 par16 par17 par18 
 -0.1  -0.1  -0.1  -0.1 

$delta
     par19      par20      par21      par22 
0.17124380 0.09841316 0.10372418 0.09950986 

$lambda
     par23      par24      par25      par26 
47.7325286  0.7076218  2.7193590  0.8546025 

$S
              [,1]          [,2]          [,3]         [,4]
[1,]  1.399264e-02 -0.0001035555 -8.594794e-05 0.0001557943
[2,] -1.035555e-04  0.0017902807  7.027863e-04 0.0011642789
[3,] -8.594794e-05  0.0007027863  1.066732e-03 0.0010313574
[4,]  1.557943e-04  0.0011642789  1.031357e-03 0.0022921302

$message
[1] "relative convergence (4)"

$objective_function
[1] -24280.95

$total_time
Time difference of 1.719004 mins

Assets: 1
Assets: 2
Assets: 5
Assets: 6
$mu
       par1        par2        par3        par4 
 1.54080052  0.01495632  0.03627371 -0.05645051 

$sigma
[1] 0.11878455 0.04169083 0.03537225 0.13293565

$corr
              [,1]        [,2]         [,3]        [,4]
[1,]  1.0000000000 -0.02411225 0.0007480321 -0.01252578
[2,] -0.0241122464  1.00000000 0.1501146798  0.30235916
[3,]  0.0007480321  0.15011468 1.0000000000  0.10088956
[4,] -0.0125257789  0.30235916 0.1008895647  1.00000000

$theta
par15 par16 par17 par18 
 -0.1  -0.1  -0.1  -0.1 

$delta
     par19      par20      par21      par22 
0.17144159 0.08682752 0.09568878 0.15178710 

$lambda
     par23      par24      par25      par26 
47.4073701  0.9996025  2.5214380 10.3446131 

$S
              [,1]          [,2]         [,3]          [,4]
[1,]  1.410977e-02 -0.0001194093 3.142989e-06 -0.0001977908
[2,] -1.194093e-04  0.0017381251 2.213739e-04  0.0016757341
[3,]  3.142989e-06  0.0002213739 1.251196e-03  0.0004744063
[4,] -1.977908e-04  0.0016757341 4.744063e-04  0.0176718867

$message
[1] "relative convergence (4)"

$objective_function
[1] -20761.81

$total_time
Time difference of 1.365337 mins

Assets: 1
Assets: 2
Assets: 7
Assets: 8
$mu
       par1        par2        par3        par4 
 1.54242060  0.02438828 -0.04478616 -0.01437082 

$sigma
[1] 0.11889227 0.04163545 0.05087777 0.04489613

$corr
             [,1]        [,2]       [,3]        [,4]
[1,]  1.000000000 -0.02901641 0.01901824 0.001860107
[2,] -0.029016406  1.00000000 0.14148954 0.432552035
[3,]  0.019018237  0.14148954 1.00000000 0.202323824
[4,]  0.001860107  0.43255203 0.20232382 1.000000000

$theta
par15 par16 par17 par18 
 -0.1  -0.1  -0.1  -0.1 

$delta
     par19      par20      par21      par22 
0.17143224 0.07716737 0.10586516 0.09518990 

$lambda
     par23      par24      par25      par26 
47.3524241  1.0399362  2.7060218  0.6836156 

$S
              [,1]          [,2]         [,3]         [,4]
[1,]  1.413537e-02 -0.0001436351 0.0001150408 9.928885e-06
[2,] -1.436351e-04  0.0017335109 0.0002997200 8.085568e-04
[3,]  1.150408e-04  0.0002997200 0.0025885470 4.621510e-04
[4,]  9.928885e-06  0.0008085568 0.0004621510 2.015662e-03

$message
[1] "relative convergence (4)"

$objective_function
[1] -22717.08

$total_time
Time difference of 1.599903 mins

Assets: 1
Assets: 2
Assets: 9
Assets: 10
$mu
       par1        par2        par3        par4 
 1.54739958  0.01760894 -0.01546188 -0.01301510 

$sigma
[1] 0.11847448 0.04153697 0.02138781 0.01916174

$corr
            [,1]        [,2]       [,3]       [,4]
[1,]  1.00000000 -0.02115969 0.02823416 0.02326292
[2,] -0.02115969  1.00000000 0.22127554 0.24197732
[3,]  0.02823416  0.22127554 1.00000000 0.58688246
[4,]  0.02326292  0.24197732 0.58688246 1.00000000

$theta
par15 par16 par17 par18 
 -0.1  -0.1  -0.1  -0.1 

$delta
     par19      par20      par21      par22 
0.17116035 0.08712588 0.11954128 0.09829910 

$lambda
     par23      par24      par25      par26 
47.6235837  1.1031893  0.1242446  0.8866259 

$S
              [,1]          [,2]         [,3]         [,4]
[1,]  1.403620e-02 -0.0001041283 7.154283e-05 5.281096e-05
[2,] -1.041283e-04  0.0017253197 1.965779e-04 1.925947e-04
[3,]  7.154283e-05  0.0001965779 4.574386e-04 2.405207e-04
[4,]  5.281096e-05  0.0001925947 2.405207e-04 3.671723e-04

$message
[1] "relative convergence (4)"

$objective_function
[1] -26728.7

$total_time
Time difference of 1.672901 mins

Assets: 1
Assets: 2
Assets: 11
Assets: 12
$mu
        par1         par2         par3         par4 
 1.534024834  0.005968877 -0.004442950 -0.012646800 

$sigma
[1] 0.11794429 0.04171681 0.02189731 0.02146581

$corr
            [,1]        [,2]       [,3]        [,4]
[1,]  1.00000000 -0.02500907 0.01992486 -0.01692272
[2,] -0.02500907  1.00000000 0.10614391 -0.16498163
[3,]  0.01992486  0.10614391 1.00000000  0.45129147
[4,] -0.01692272 -0.16498163 0.45129147  1.00000000

$theta
par15 par16 par17 par18 
 -0.1  -0.1  -0.1  -0.1 

$delta
     par19      par20      par21      par22 
0.17113560 0.09574553 0.11971458 0.09147675 

$lambda
     par23      par24      par25      par26 
47.9579306  0.9255695  1.5399069  1.4833410 

$S
              [,1]          [,2]         [,3]          [,4]
[1,]  1.391086e-02 -1.230511e-04 5.145920e-05 -4.284444e-05
[2,] -1.230511e-04  1.740293e-03 9.696099e-05 -1.477386e-04
[3,]  5.145920e-05  9.696099e-05 4.794923e-04  2.121267e-04
[4,] -4.284444e-05 -1.477386e-04 2.121267e-04  4.607811e-04

$message
[1] "relative convergence (4)"

$objective_function
[1] -26104.15

$total_time
Time difference of 1.540619 mins

