Assets: 1
Assets: 2
Assets: 3
Assets: 4
$mu
        par1         par2         par3         par4 
 1.534110068 -0.001964645  0.122276195  0.037978509 

$sigma
[1] 0.11829050 0.04231171 0.03266086 0.04787620

$corr
            [,1]        [,2]        [,3]       [,4]
[1,]  1.00000000 -0.02069012 -0.02224631 0.02750946
[2,] -0.02069012  1.00000000  0.50855175 0.57474714
[3,] -0.02224631  0.50855175  1.00000000 0.65957167
[4,]  0.02750946  0.57474714  0.65957167 1.00000000

$theta
par15 par16 par17 par18 
 -0.1  -0.1  -0.1  -0.1 

$delta
     par19      par20      par21      par22 
0.17124380 0.09841316 0.10372418 0.09950986 

$lambda
     par23      par24      par25      par26 
47.7325286  0.7076218  2.7193590  0.8546025 

$S
              [,1]          [,2]          [,3]         [,4]
[1,]  1.399264e-02 -0.0001035555 -8.594794e-05 0.0001557943
[2,] -1.035555e-04  0.0017902807  7.027863e-04 0.0011642789
[3,] -8.594794e-05  0.0007027863  1.066732e-03 0.0010313574
[4,]  1.557943e-04  0.0011642789  1.031357e-03 0.0022921302

$message
[1] "relative convergence (4)"

$objective_function
[1] -24280.95

$total_time
Time difference of 1.719004 mins

Assets: 1
Assets: 2
Assets: 5
Assets: 6
$mu
       par1        par2        par3        par4 
 1.54080052  0.01495632  0.03627371 -0.05645051 

$sigma
[1] 0.11878455 0.04169083 0.03537225 0.13293565

$corr
              [,1]        [,2]         [,3]        [,4]
[1,]  1.0000000000 -0.02411225 0.0007480321 -0.01252578
[2,] -0.0241122464  1.00000000 0.1501146798  0.30235916
[3,]  0.0007480321  0.15011468 1.0000000000  0.10088956
[4,] -0.0125257789  0.30235916 0.1008895647  1.00000000

$theta
par15 par16 par17 par18 
 -0.1  -0.1  -0.1  -0.1 

$delta
     par19      par20      par21      par22 
0.17144159 0.08682752 0.09568878 0.15178710 

$lambda
     par23      par24      par25      par26 
47.4073701  0.9996025  2.5214380 10.3446131 

$S
              [,1]          [,2]         [,3]          [,4]
[1,]  1.410977e-02 -0.0001194093 3.142989e-06 -0.0001977908
[2,] -1.194093e-04  0.0017381251 2.213739e-04  0.0016757341
[3,]  3.142989e-06  0.0002213739 1.251196e-03  0.0004744063
[4,] -1.977908e-04  0.0016757341 4.744063e-04  0.0176718867

$message
[1] "relative convergence (4)"

$objective_function
[1] -20761.81

$total_time
Time difference of 1.365337 mins

Assets: 1
Assets: 2
Assets: 7
Assets: 8
$mu
       par1        par2        par3        par4 
 1.54242060  0.02438828 -0.04478616 -0.01437082 

$sigma
[1] 0.11889227 0.04163545 0.05087777 0.04489613

$corr
             [,1]        [,2]       [,3]        [,4]
[1,]  1.000000000 -0.02901641 0.01901824 0.001860107
[2,] -0.029016406  1.00000000 0.14148954 0.432552035
[3,]  0.019018237  0.14148954 1.00000000 0.202323824
[4,]  0.001860107  0.43255203 0.20232382 1.000000000

$theta
par15 par16 par17 par18 
 -0.1  -0.1  -0.1  -0.1 

$delta
     par19      par20      par21      par22 
0.17143224 0.07716737 0.10586516 0.09518990 

$lambda
     par23      par24      par25      par26 
47.3524241  1.0399362  2.7060218  0.6836156 

$S
              [,1]          [,2]         [,3]         [,4]
[1,]  1.413537e-02 -0.0001436351 0.0001150408 9.928885e-06
[2,] -1.436351e-04  0.0017335109 0.0002997200 8.085568e-04
[3,]  1.150408e-04  0.0002997200 0.0025885470 4.621510e-04
[4,]  9.928885e-06  0.0008085568 0.0004621510 2.015662e-03

$message
[1] "relative convergence (4)"

$objective_function
[1] -22717.08

$total_time
Time difference of 1.599903 mins

Assets: 1
Assets: 2
Assets: 9
Assets: 10
$mu
       par1        par2        par3        par4 
 1.54739958  0.01760894 -0.01546188 -0.01301510 

$sigma
[1] 0.11847448 0.04153697 0.02138781 0.01916174

$corr
            [,1]        [,2]       [,3]       [,4]
[1,]  1.00000000 -0.02115969 0.02823416 0.02326292
[2,] -0.02115969  1.00000000 0.22127554 0.24197732
[3,]  0.02823416  0.22127554 1.00000000 0.58688246
[4,]  0.02326292  0.24197732 0.58688246 1.00000000

$theta
par15 par16 par17 par18 
 -0.1  -0.1  -0.1  -0.1 

$delta
     par19      par20      par21      par22 
0.17116035 0.08712588 0.11954128 0.09829910 

$lambda
     par23      par24      par25      par26 
47.6235837  1.1031893  0.1242446  0.8866259 

$S
              [,1]          [,2]         [,3]         [,4]
[1,]  1.403620e-02 -0.0001041283 7.154283e-05 5.281096e-05
[2,] -1.041283e-04  0.0017253197 1.965779e-04 1.925947e-04
[3,]  7.154283e-05  0.0001965779 4.574386e-04 2.405207e-04
[4,]  5.281096e-05  0.0001925947 2.405207e-04 3.671723e-04

$message
[1] "relative convergence (4)"

$objective_function
[1] -26728.7

$total_time
Time difference of 1.672901 mins

Assets: 1
Assets: 2
Assets: 11
Assets: 12
$mu
        par1         par2         par3         par4 
 1.534024834  0.005968877 -0.004442950 -0.012646800 

$sigma
[1] 0.11794429 0.04171681 0.02189731 0.02146581

$corr
            [,1]        [,2]       [,3]        [,4]
[1,]  1.00000000 -0.02500907 0.01992486 -0.01692272
[2,] -0.02500907  1.00000000 0.10614391 -0.16498163
[3,]  0.01992486  0.10614391 1.00000000  0.45129147
[4,] -0.01692272 -0.16498163 0.45129147  1.00000000

$theta
par15 par16 par17 par18 
 -0.1  -0.1  -0.1  -0.1 

$delta
     par19      par20      par21      par22 
0.17113560 0.09574553 0.11971458 0.09147675 

$lambda
     par23      par24      par25      par26 
47.9579306  0.9255695  1.5399069  1.4833410 

$S
              [,1]          [,2]         [,3]          [,4]
[1,]  1.391086e-02 -1.230511e-04 5.145920e-05 -4.284444e-05
[2,] -1.230511e-04  1.740293e-03 9.696099e-05 -1.477386e-04
[3,]  5.145920e-05  9.696099e-05 4.794923e-04  2.121267e-04
[4,] -4.284444e-05 -1.477386e-04 2.121267e-04  4.607811e-04

$message
[1] "relative convergence (4)"

$objective_function
[1] -26104.15

$total_time
Time difference of 1.540619 mins

Assets: 1
Assets: 2
Assets: 13
Assets: 14
$mu
      par1       par2       par3       par4 
1.53569913 0.01832685 0.04120097 0.02609425 

$sigma
[1] 0.118459298 0.041546000 0.008335811 0.007837512

$corr
            [,1]        [,2]        [,3]        [,4]
[1,]  1.00000000 -0.02334610 -0.01307676 -0.02135281
[2,] -0.02334610  1.00000000 -0.03742508 -0.14640353
[3,] -0.01307676 -0.03742508  1.00000000  0.48949718
[4,] -0.02135281 -0.14640353  0.48949718  1.00000000

$theta
par15 par16 par17 par18 
 -0.1  -0.1  -0.1  -0.1 

$delta
     par19      par20      par21      par22 
0.17130572 0.08546982 0.09132209 0.09922116 

$lambda
     par23      par24      par25      par26 
47.6215333  1.0802110  0.4263141  0.5267817 

$S
              [,1]          [,2]          [,3]          [,4]
[1,]  1.403261e-02 -1.148981e-04 -1.291270e-05 -1.982451e-05
[2,] -1.148981e-04  1.726070e-03 -1.296104e-05 -4.767152e-05
[3,] -1.291270e-05 -1.296104e-05  6.948574e-05  3.197984e-05
[4,] -1.982451e-05 -4.767152e-05  3.197984e-05  6.142659e-05

$message
[1] "relative convergence (4)"

$objective_function
[1] -30423.5

$total_time
Time difference of 1.880695 mins

Assets: 3
Assets: 4
Assets: 5
Assets: 6
$mu
       par1        par2        par3        par4 
 0.12601687  0.05862444  0.04135654 -0.06019475 

$sigma
[1] 0.03293003 0.04737394 0.03534625 0.12959229

$corr
            [,1]        [,2]         [,3]       [,4]
[1,] 1.000000000  0.65549877  0.001506792 0.52518159
[2,] 0.655498774  1.00000000 -0.053920777 0.34371487
[3,] 0.001506792 -0.05392078  1.000000000 0.09190443
[4,] 0.525181588  0.34371487  0.091904435 1.00000000

$theta
par15 par16 par17 par18 
 -0.1  -0.1  -0.1  -0.1 

$delta
     par19      par20      par21      par22 
0.10137188 0.08981717 0.09384293 0.14558368 

$lambda
    par23     par24     par25     par26 
 1.976807  1.471009  2.570687 12.843250 

$S
             [,1]          [,2]          [,3]         [,4]
[1,] 1.084387e-03  1.022595e-03  1.753835e-06 0.0022412007
[2,] 1.022595e-03  2.244290e-03 -9.028985e-05 0.0021101678
[3,] 1.753835e-06 -9.028985e-05  1.249357e-03 0.0004209775
[4,] 2.241201e-03  2.110168e-03  4.209775e-04 0.0167941621

$message
[1] "relative convergence (4)"

$objective_function
[1] -25126.2

$total_time
Time difference of 1.469957 mins

Assets: 3
Assets: 4
Assets: 7
Assets: 8
$mu
       par1        par2        par3        par4 
 0.13317161  0.05481367 -0.05039497 -0.01895212 

$sigma
[1] 0.03253944 0.04745789 0.05108021 0.04511551

$corr
          [,1]      [,2]      [,3]      [,4]
[1,] 1.0000000 0.6586970 0.1527147 0.3735500
[2,] 0.6586970 1.0000000 0.1233659 0.3952650
[3,] 0.1527147 0.1233659 1.0000000 0.2114424
[4,] 0.3735500 0.3952650 0.2114424 1.0000000

$theta
par15 par16 par17 par18 
 -0.1  -0.1  -0.1  -0.1 

$delta
     par19      par20      par21      par22 
0.09962533 0.08912533 0.10769802 0.09998841 

$lambda
    par23     par24     par25     par26 
2.6017716 1.2682246 2.5494691 0.5902879 

$S
             [,1]         [,2]         [,3]         [,4]
[1,] 0.0010588152 0.0010171950 0.0002538304 0.0005483839
[2,] 0.0010171950 0.0022522517 0.0002990585 0.0008462967
[3,] 0.0002538304 0.0002990585 0.0026091877 0.0004872710
[4,] 0.0005483839 0.0008462967 0.0004872710 0.0020354090

$message
[1] "relative convergence (4)"

$objective_function
[1] -26884.53

$total_time
Time difference of 1.477302 mins

Assets: 3
Assets: 4
Assets: 9
Assets: 10
$mu
       par1        par2        par3        par4 
 0.13848707  0.06276887 -0.01553888 -0.01313353 

$sigma
[1] 0.03227104 0.04701028 0.02138344 0.01916211

$corr
          [,1]      [,2]      [,3]      [,4]
[1,] 1.0000000 0.6529784 0.1985152 0.2136353
[2,] 0.6529784 1.0000000 0.1146874 0.1795593
[3,] 0.1985152 0.1146874 1.0000000 0.5865145
[4,] 0.2136353 0.1795593 0.5865145 1.0000000

$theta
par15 par16 par17 par18 
 -0.1  -0.1  -0.1  -0.1 

$delta
     par19      par20      par21      par22 
0.09813266 0.08939276 0.11929126 0.09840575 

$lambda
    par23     par24     par25     par26 
2.6669648 1.6170451 0.1301518 0.8796741 

$S
             [,1]         [,2]         [,3]         [,4]
[1,] 0.0010414200 0.0009906143 0.0001369885 0.0001321081
[2,] 0.0009906143 0.0022099664 0.0001152885 0.0001617499
[3,] 0.0001369885 0.0001152885 0.0004572516 0.0002403254
[4,] 0.0001321081 0.0001617499 0.0002403254 0.0003671865

$message
[1] "relative convergence (4)"

$objective_function
[1] -30896.3

$total_time
Time difference of 1.72834 mins

Assets: 3
Assets: 4
Assets: 11
Assets: 12
$mu
        par1         par2         par3         par4 
 0.132044070  0.050824999 -0.002919791 -0.013363458 

$sigma
[1] 0.03230413 0.04713443 0.02183416 0.02141007

$corr
             [,1]        [,2]         [,3]       [,4]
[1,]  1.000000000  0.65231210  0.007180301 -0.2640438
[2,]  0.652312101  1.00000000 -0.063693079 -0.3522665
[3,]  0.007180301 -0.06369308  1.000000000  0.4532121
[4,] -0.264043772 -0.35226648  0.453212052  1.0000000

$theta
par15 par16 par17 par18 
 -0.1  -0.1  -0.1  -0.1 

$delta
     par19      par20      par21      par22 
0.10049992 0.09599516 0.11748478 0.09300596 

$lambda
   par23    par24    par25    par26 
2.656718 1.426043 1.692997 1.603794 

$S
              [,1]          [,2]          [,3]          [,4]
[1,]  1.043557e-03  9.932344e-04  5.064507e-06 -0.0001826215
[2,]  9.932344e-04  2.221655e-03 -6.554914e-05 -0.0003554902
[3,]  5.064507e-06 -6.554914e-05  4.767305e-04  0.0002118634
[4,] -1.826215e-04 -3.554902e-04  2.118634e-04  0.0004583909

$message
[1] "relative convergence (4)"

$objective_function
[1] -30368.71

$total_time
Time difference of 1.639394 mins

Assets: 3
Assets: 4
Assets: 13
Assets: 14
$mu
      par1       par2       par3       par4 
0.14028706 0.07003484 0.04130463 0.02693563 

$sigma
[1] 0.032365763 0.047264664 0.008344190 0.007763771

$corr
           [,1]       [,2]       [,3]       [,4]
[1,]  1.0000000  0.6548041 -0.1419621 -0.3646109
[2,]  0.6548041  1.0000000 -0.1240972 -0.3338085
[3,] -0.1419621 -0.1240972  1.0000000  0.4935272
[4,] -0.3646109 -0.3338085  0.4935272  1.0000000

$theta
par15 par16 par17 par18 
 -0.1  -0.1  -0.1  -0.1 

$delta
     par19      par20      par21      par22 
0.09708720 0.08172396 0.09005252 0.09882119 

$lambda
    par23     par24     par25     par26 
2.5916687 1.5456169 0.3810212 0.9658038 

$S
              [,1]          [,2]          [,3]          [,4]
[1,]  1.047543e-03  1.001691e-03 -3.833915e-05 -9.161955e-05
[2,]  1.001691e-03  2.233948e-03 -4.894211e-05 -1.224917e-04
[3,] -3.833915e-05 -4.894211e-05  6.962551e-05  3.197187e-05
[4,] -9.161955e-05 -1.224917e-04  3.197187e-05  6.027614e-05

$message
[1] "relative convergence (4)"

$objective_function
[1] -34735.01

$total_time
Time difference of 2.089713 mins

Assets: 5
Assets: 6
Assets: 7
Assets: 8
$mu
       par1        par2        par3        par4 
 0.02286342  0.00728472 -0.04860316 -0.02072070 

$sigma
[1] 0.03572668 0.13281001 0.05101963 0.04509314

$corr
          [,1]      [,2]      [,3]      [,4]
[1,] 1.0000000 0.1058884 0.1360020 0.3250084
[2,] 0.1058884 1.0000000 0.1484893 0.2961024
[3,] 0.1360020 0.1484893 1.0000000 0.2107441
[4,] 0.3250084 0.2961024 0.2107441 1.0000000

$theta
par15 par16 par17 par18 
 -0.1  -0.1  -0.1  -0.1 

$delta
     par19      par20      par21      par22 
0.09967141 0.14593864 0.10699891 0.10269452 

$lambda
     par23      par24      par25      par26 
 2.2249448 10.6653202  2.5886633  0.5989693 

$S
             [,1]         [,2]         [,3]         [,4]
[1,] 0.0012763960 0.0005024257 0.0002478993 0.0005235978
[2,] 0.0005024257 0.0176384981 0.0010061514 0.0017733043
[3,] 0.0002478993 0.0010061514 0.0026030028 0.0004848454
[4,] 0.0005235978 0.0017733043 0.0004848454 0.0020333911

$message
[1] "relative convergence (4)"

$objective_function
[1] -23685.49

$total_time
Time difference of 1.583304 mins

Assets: 5
Assets: 6
Assets: 9
Assets: 10
$mu
        par1         par2         par3         par4 
 0.035024717  0.009055671 -0.015629560 -0.013577361 

$sigma
[1] 0.03537432 0.13369575 0.02137271 0.01915670

$corr
          [,1]      [,2]      [,3]      [,4]
[1,] 1.0000000 0.1131344 0.3879626 0.3210934
[2,] 0.1131344 1.0000000 0.1758030 0.1752079
[3,] 0.3879626 0.1758030 1.0000000 0.5862868
[4,] 0.3210934 0.1752079 0.5862868 1.0000000

$theta
par15 par16 par17 par18 
 -0.1  -0.1  -0.1  -0.1 

$delta
     par19      par20      par21      par22 
0.09589657 0.14820296 0.11813094 0.09909061 

$lambda
    par23     par24     par25     par26 
2.6182030 9.9308954 0.1446773 0.8795460 

$S
             [,1]         [,2]         [,3]         [,4]
[1,] 0.0012513425 0.0005350574 0.0002933172 0.0002175907
[2,] 0.0005350574 0.0178745547 0.0005023464 0.0004487371
[3,] 0.0002933172 0.0005023464 0.0004567926 0.0002400437
[4,] 0.0002175907 0.0004487371 0.0002400437 0.0003669792

$message
[1] "relative convergence (4)"

$objective_function
[1] -27856.53

$total_time
Time difference of 1.629821 mins

